0.09412343651268613	2.0311717978410573E9
0.08556676046607829	2.031562352644255E9
0.07778796406007117	2.034238527072482E9
0.07071633096370106	2.029918500759343E9
0.0642875736033646	2.0277492972370203E9
0.05844324873033145	2.030824971310507E9
0.053130226118483136	2.0336669099542854E9
0.04830020556225739	2.029180773239493E9
0.043909277783870354	2.0321631117939522E9
0.039917525258063954	2.033221441165415E9
0.03628865932551268	2.0310316830902205E9
0.032989690295920616	2.03438309247434E9
0.029990627541746015	2.0296852110526776E9
0.02726420685613274	2.0372888656967669E9
0.024785642596484306	2.0316718056741095E9
0.02253240236044028	2.031329182087678E9
0.020484002145854798	2.0311988778109577E9
0.01862182013259527	2.034909736109702E9
0.016928927393268425	2.0359585696125057E9
0.015389933993880386	2.0298546566216764E9
0.013990849085345805	2.0307978802639382E9
0.01271895371395073	2.0324171871776826E9
0.011562685194500663	2.0287876461183987E9
0.010511531995000602	2.0332162100640385E9
0.009555938177273274	2.0337844057690682E9
0.008687216524793885	2.0411673785821197E9
0.00789746956799444	2.0370573095767455E9
0.007179517789085854	2.0405251086114428E9
0.006526834353714412	2.045090000202421E9
0.0059334857761040105	2.0442509847121263E9
0.005394077978276373	2.0429586570141995E9
0.00490370725297852	2.0465107705122292E9
0.004457915684525927	2.053653410333338E9
0.004052650622296297	2.0620893267409084E9
0.0036842278384511783	2.0687600968145146E9
0.003349298034955616	2.080116914158802E9
0.0030448163954141963	2.0852492922636666E9
0.0027680149049219963	2.0930097147228556E9
0.0025163771862927236	2.094853277136139E9
0.002287615623902476	2.0965200954805932E9
0.002079650567184069	2.0962809128196995E9
0.00189059142471279	2.0957400595118015E9
0.001718719477011627	2.0895895535388439E9
0.0015624722518287517	2.086963229462215E9
0.0014204293198443196	2.0850884668966825E9
0.0012912993816766541	2.077595526593904E9
0.0011739085287969582	2.0727021291561809E9
0.0010671895716335984	2.0564874433617928E9
9.701723378487258E-4	2.0409500067866142E9
8.819748525897506E-4	2.0217979460921662E9
8.017953205361369E-4	1.9936530335877697E9
7.289048368510335E-4	1.9531338052703757E9
6.626407607736668E-4	1.9034032773765259E9
6.024006916124242E-4	1.8448479418717785E9
5.47636992374931E-4	1.7900029843173642E9
4.978518112499372E-4	1.7231982096709683E9
4.5259255568176106E-4	1.6498576968555596E9
4.1144777789251E-4	1.5649919580737085E9
3.7404343444773637E-4	1.480109193649627E9
3.400394858615785E-4	1.3834615462301042E9
3.091268053287077E-4	1.2856837652369742E9
2.8102436848064335E-4	1.176444176495069E9
2.5547669861876666E-4	1.0701925802834488E9
2.3225154419887875E-4	9.493455407953967E8
2.1113776745352613E-4	8.322607043794178E8
1.91943424957751E-4	7.191985464592203E8
1.7449402268886454E-4	6.025106870925487E8
1.5863092971714956E-4	4.9618870444295603E8
1.442099361064996E-4	3.880148232973426E8
1.310999419149996E-4	2.884691824588203E8
1.1918176537727237E-4	1.9928544840747643E8
1.0834705943388396E-4	1.2336883456722446E8
9.849732675807631E-5	6.254963326155352E7
8.954302432552392E-5	2.2139790105396297E7
8.140274938683991E-5	2999860.074683898
7.400249944258173E-5	0.005640784939356998
6.727499949325611E-5	0.005130400148900282
6.115909044841464E-5	0.004655635995257932
5.5599173134922395E-5	0.004239082053508644
5.0544702849929444E-5	0.0038427913026618083
4.594972986357222E-5	0.003497631875176608
4.177248169415656E-5	0.003178201834934098
3.7974983358324144E-5	0.002889188678614512
3.452271214393104E-5	0.002635373778359554
3.138428376721003E-5	0.002391613316530752
2.8531167061100026E-5	0.002170616754948022
2.5937424601000023E-5	0.001975516532843664
2.357947691000002E-5	0.0017987207184089655
2.1435888100000015E-5	0.0016336515857758522
1.9487171000000013E-5	0.0014823932158883276
1.771561000000001E-5	0.001347341891419186
1.610510000000001E-5	0.0012269393480180892
1.4641000000000006E-5	0.001112901993201166
1.3310000000000005E-5	0.0010147111490657528
1.2100000000000003E-5	9.223360304692756E-4
1.1000000000000001E-5	8.373880691053317E-4
1.0E-5	7.596161015982172E-4
