0.0955593817727327	252928.31445275305
0.08687216524793881	254738.8697443273
0.07897469567994436	254915.6501490843
0.0717951778908585	254112.419608274
0.06526834353714409	251318.59731883308
0.05933485776104007	247992.1852614996
0.053940779782763695	242678.1709093629
0.049037072529785175	236573.64430200262
0.044579156845259246	228770.56005328774
0.04052650622296295	220042.96451931758
0.03684227838451177	210242.82448670093
0.03349298034955615	199546.68193229704
0.030448163954141953	188328.86900408464
0.027680149049219956	176303.0904840883
0.02516377186292723	163385.49056925005
0.022876156239024753	150477.59115546994
0.020796505671840684	138711.7150883468
0.018905914247127894	128022.07225620691
0.017187194770116265	118429.62528252797
0.015624722518287514	110597.78482748647
0.014204293198443194	103268.47242595821
0.01291299381676654	95955.92656533065
0.01173908528796958	88997.17757624346
0.01067189571633598	81956.50373918515
0.009701723378487254	75573.19042685225
0.008819748525897503	69357.52195927064
0.008017953205361366	63420.30786889459
0.007289048368510333	57872.472844703836
0.006626407607736666	53237.094451381905
0.006024006916124241	49132.92545025201
0.00547636992374931	45105.871952048496
0.004978518112499372	41612.484268403554
0.00452592555681761	38150.97333650819
0.0041144777789251	34744.69678932633
0.0037404343444773632	31586.387919480865
0.0034003948586157845	28463.014812977046
0.0030912680532870765	25316.540367932295
0.002810243684806433	22161.83739157085
0.0025547669861876662	19145.149715889755
0.0023225154419887874	16349.083721859195
0.002111377674535261	13733.74894999022
0.00191943424957751	11497.521866136442
0.0017449402268886452	9518.297173872765
0.0015863092971714955	8033.004692309888
0.0014420993610649957	6632.944818279153
0.001310999419149996	5203.28179185182
0.0011918176537727234	4001.3680344953427
0.0010834705943388394	2834.7190397312534
9.84973267580763E-4	1847.198636929818
8.95430243255239E-4	1056.3463659736456
8.14027493868399E-4	447.27895850804003
7.400249944258172E-4	95.26112435839305
6.727499949325611E-4	5.75640777385902
6.115909044841464E-4	5.2200460383285465
5.55991731349224E-4	4.7577804005243065
5.054470284992944E-4	4.316369310150425
4.594972986357221E-4	3.9262049454741326
4.177248169415655E-4	3.5709485398490433
3.7974983358324136E-4	3.2354711205169933
3.452271214393103E-4	2.9505452455409817
3.1384283767210024E-4	2.679511099087572
2.853116706110002E-4	2.434406537066776
2.5937424601000017E-4	2.2129480313095575
2.3579476910000016E-4	2.0118574006112517
2.1435888100000014E-4	1.8311845677394496
1.9487171000000012E-4	1.6610667090295168
1.771561000000001E-4	1.5152248404314475
1.6105100000000008E-4	1.3752836590134085
1.4641000000000006E-4	1.250731285525819
1.3310000000000004E-4	1.1352520109473554
1.2100000000000003E-4	1.0342072121810817
1.1000000000000002E-4	0.9405905501094517
1.0E-4	0.8560528608542327
