0.0955593817727327	4397568.226479021
0.08687216524793881	4423448.364287055
0.07897469567994436	4429395.236084736
0.0717951778908585	4459176.365624896
0.06526834353714409	4473133.020124713
0.05933485776104007	4501753.812805172
0.053940779782763695	4499475.069745135
0.049037072529785175	4482820.177655944
0.044579156845259246	4455349.66179812
0.04052650622296295	4413265.091478378
0.03684227838451177	4368479.459705938
0.03349298034955615	4307494.953736877
0.030448163954141953	4237768.139712226
0.027680149049219956	4163814.1084634974
0.02516377186292723	4079058.2913219878
0.022876156239024753	3995841.3966736454
0.020796505671840684	3909785.6377706216
0.018905914247127894	3837391.796825124
0.017187194770116265	3769569.249913309
0.015624722518287514	3727240.773886596
0.014204293198443194	3662399.0616509756
0.01291299381676654	3618337.503237314
0.01173908528796958	3564770.125221559
0.01067189571633598	3518842.2283089934
0.009701723378487254	3480017.64624496
0.008819748525897503	3451965.7093462464
0.008017953205361366	3435618.499063581
0.007289048368510333	3411460.718232663
0.006626407607736666	3385906.8414627793
0.006024006916124241	3371721.126860588
0.00547636992374931	3334580.2071812158
0.004978518112499372	3310877.1565831243
0.00452592555681761	3266444.348795472
0.0041144777789251	3224361.299975509
0.0037404343444773632	3160391.0704074106
0.0034003948586157845	3079811.7665074775
0.0030912680532870765	2978267.8117867806
0.002810243684806433	2840200.8541301666
0.0025547669861876662	2699288.5003897417
0.0023225154419887874	2555701.1177783716
0.002111377674535261	2409950.0287484387
0.00191943424957751	2254437.429709039
0.0017449402268886452	2107528.135068359
0.0015863092971714955	1948211.5657799246
0.0014420993610649957	1801867.5610871173
0.001310999419149996	1645925.86382107
0.0011918176537727234	1485212.4523267292
0.0010834705943388394	1334370.4486337162
9.84973267580763E-4	1182220.3976538945
8.95430243255239E-4	1025865.4615729655
8.14027493868399E-4	882845.555470642
7.400249944258172E-4	736834.9288236822
6.727499949325611E-4	604481.5526379796
6.115909044841464E-4	477151.20670660463
5.55991731349224E-4	360292.6218068829
5.054470284992944E-4	255318.1488938334
4.594972986357221E-4	163809.50077801745
4.177248169415655E-4	90231.15671509424
3.7974983358324136E-4	35298.84077710914
3.452271214393103E-4	5494.050285287804
3.1384283767210024E-4	13.713820562146536
2.853116706110002E-4	12.46660928681737
2.5937424601000017E-4	11.313249744768541
2.3579476910000016E-4	10.273936802246846
2.1435888100000014E-4	9.339736713126578
1.9487171000000012E-4	8.497740120302877
1.771561000000001E-4	7.739062265861366
1.6105100000000008E-4	7.025796517264526
1.4641000000000006E-4	6.384419665148286
1.3310000000000004E-4	5.804183705081663
1.2100000000000003E-4	5.269549178114712
1.1000000000000002E-4	4.794400289338282
1.0E-4	4.358310911029578
