0.09412343651268613	2.0161325055868335E9
0.08556676046607829	2.0577988800231454E9
0.07778796406007117	2.0650939743787522E9
0.07071633096370106	2.000855889924974E9
0.0642875736033646	2.020076433374766E9
0.05844324873033145	1.9874650739929407E9
0.053130226118483136	2.0615564981170652E9
0.04830020556225739	2.0371633436174695E9
0.043909277783870354	2.0346242131313035E9
0.039917525258063954	2.0594433290863914E9
0.03628865932551268	2.0389360545960312E9
0.032989690295920616	2.0219328490051506E9
0.029990627541746015	2.018530110091099E9
0.02726420685613274	2.008446431456949E9
0.024785642596484306	2.0494466846879478E9
0.02253240236044028	2.0257058846868234E9
0.020484002145854798	2.023240527534295E9
0.01862182013259527	2.0475639017046142E9
0.016928927393268425	2.0364189662979405E9
0.015389933993880386	2.0302603779770072E9
0.013990849085345805	2.049192099595705E9
0.01271895371395073	2.0264100883173006E9
0.011562685194500663	2.052305835913562E9
0.010511531995000602	2.012357034027051E9
0.009555938177273274	2.0489560788266783E9
0.008687216524793885	2.0671406259853156E9
0.00789746956799444	2.032481147138697E9
0.007179517789085854	1.9897239940751264E9
0.006526834353714412	2.0089879203549695E9
0.0059334857761040105	2.0210222292085173E9
0.005394077978276373	2.058120359527574E9
0.00490370725297852	2.0342358969736588E9
0.004457915684525927	1.9937855192543423E9
0.004052650622296297	2.0913934039885824E9
0.0036842278384511783	2.0979308912943618E9
0.003349298034955616	2.0816630663260496E9
0.0030448163954141963	2.0685174923176088E9
0.0027680149049219963	2.105034873807665E9
0.0025163771862927236	2.1189780201048763E9
0.002287615623902476	2.077108307694364E9
0.002079650567184069	2.12131015575068E9
0.00189059142471279	2.105270106373212E9
0.001718719477011627	2.0816311829405053E9
0.0015624722518287517	2.0592153523707447E9
0.0014204293198443196	2.0942815365690935E9
0.0012912993816766541	2.1036827359295163E9
0.0011739085287969582	2.057182647221952E9
0.0010671895716335984	2.1067866975533392E9
9.701723378487258E-4	2.0221548000706456E9
8.819748525897506E-4	2.0524860709241047E9
8.017953205361369E-4	2.0135465923935845E9
7.289048368510335E-4	1.9674338551713176E9
6.626407607736668E-4	1.8873357206678376E9
6.024006916124242E-4	1.8395952336145415E9
5.47636992374931E-4	1.797351050484606E9
4.978518112499372E-4	1.7169637940445411E9
4.5259255568176106E-4	1.6407683979176564E9
4.1144777789251E-4	1.547678500693435E9
3.7404343444773637E-4	1.4949301298859332E9
3.400394858615785E-4	1.3967484625555918E9
3.091268053287077E-4	1.2769689135483844E9
2.8102436848064335E-4	1.153619091260591E9
2.5547669861876666E-4	1.0607331973764246E9
2.3225154419887875E-4	9.373527436913455E8
2.1113776745352613E-4	8.281031781893275E8
1.91943424957751E-4	6.807301727639539E8
1.7449402268886454E-4	6.045312174323432E8
1.5863092971714956E-4	5.2903690799699473E8
1.442099361064996E-4	4.1674096560286E8
1.310999419149996E-4	2.8099614886255807E8
1.1918176537727237E-4	1.9693827211722717E8
1.0834705943388396E-4	1.1249317558731888E8
9.849732675807631E-5	6.338901281049647E7
8.954302432552392E-5	2.414798414838599E7
8.140274938683991E-5	5737295.362496516
7.400249944258173E-5	0.012570859808724435
6.727499949325611E-5	0.011166060588227503
6.115909044841464E-5	0.01029014923342329
5.5599173134922395E-5	0.009354914859700565
5.0544702849929444E-5	0.008542637059055877
4.594972986357222E-5	0.007836142636855597
4.177248169415656E-5	0.007064898006551065
3.7974983358324144E-5	0.006396081327196379
3.452271214393104E-5	0.005822040994705806
3.138428376721003E-5	0.005331503155144906
2.8531167061100026E-5	0.004836596412494539
2.5937424601000023E-5	0.004379915293288923
2.357947691000002E-5	0.0040129321495149094
2.1435888100000015E-5	0.003624749751512738
1.9487171000000013E-5	0.0033262306400205703
1.771561000000001E-5	0.002975326213971931
1.610510000000001E-5	0.0027329346945048575
1.4641000000000006E-5	0.002439052089342884
1.3310000000000005E-5	0.0022477514169821564
1.2100000000000003E-5	0.002021153350084912
1.1000000000000001E-5	0.0018509480647135096
1.0E-5	0.0016887873255024106
