0.092709068817831	2458862.187235661
0.08428097165257363	2445299.115443425
0.0766190651387033	2445003.3070818614
0.06965369558063936	2444189.927537427
0.06332154143694486	2437863.829359882
0.05756503766994987	2446399.9215642163
0.052331852427227155	2458709.700204921
0.047574411297479226	2464514.8068030165
0.043249464815890204	2483826.6346342913
0.03931769528717291	2505906.64581847
0.03574335935197537	2523914.590191775
0.03249396304725033	2524602.365582176
0.029539966406591206	2509561.295570269
0.02685451491508291	2484832.629487482
0.0244131953773481	2437427.1509751244
0.02219381397940736	2378914.516440378
0.020176194526733963	2295708.634292466
0.0183419950243036	2200120.3559180484
0.01667454093118509	2087228.4582651446
0.015158673573804626	1957858.4890829003
0.013780612339822387	1819481.1625156417
0.012527829399838533	1680024.1259568352
0.01138893581803503	1531334.2714808132
0.010353578016395481	1385218.8020229563
0.009412343651268619	1241338.4313129368
0.008556676046607835	1093312.1608129612
0.007778796406007121	943712.2035542331
0.00707163309637011	799118.0977308063
0.006428757360336463	665011.6411894835
0.005844324873033148	534327.8232341665
0.005313022611848316	414817.6509291555
0.004830020556225741	306503.55505987554
0.0043909277783870364	214210.94587373655
0.003991752525806396	137819.82279539827
0.0036288659325512686	78014.48379728803
0.003298969029592062	35254.99519390242
0.0029990627541746015	11455.114743534381
0.002726420685613274	2299.133912487341
0.0024785642596484307	258.65627237338265
0.0022532402360440277	176.49217268479245
0.0020484002145854797	160.31445629107145
0.0018621820132595267	146.01420902711774
0.0016928927393268422	132.53261998844127
0.0015389933993880383	120.66400976886055
0.0013990849085345801	109.65077929591486
0.0012718953713950728	99.72457866578718
0.001156268519450066	90.67661701730115
0.00105115319950006	82.44973980963124
9.555938177273272E-4	74.78824314205352
8.687216524793883E-4	68.11046112139948
7.897469567994438E-4	61.856614641611344
7.179517789085853E-4	56.34773550610923
6.526834353714411E-4	51.26186630052757
5.93348577610401E-4	46.55823885629502
5.394077978276372E-4	42.31067988126332
4.903707252978519E-4	38.434573574009214
4.457915684525926E-4	34.93999931045038
4.052650622296296E-4	31.75994465664257
3.6842278384511775E-4	28.873759569068497
3.3492980349556157E-4	26.288845663297007
3.044816395414196E-4	23.858447627171632
2.768014904921996E-4	21.703742398561793
2.5163771862927233E-4	19.70902274130019
2.2876156239024756E-4	17.953451437161434
2.0796505671840686E-4	16.319117886152092
1.8905914247127894E-4	14.819603158294363
1.7187194770116264E-4	13.481081634098773
1.5624722518287512E-4	12.256357199483228
1.4204293198443192E-4	11.143932577651759
1.2912993816766537E-4	10.130625239901201
1.1739085287969578E-4	9.191678020254264
1.0671895716335979E-4	8.370703794353933
9.701723378487253E-5	7.599225436406271
8.819748525897502E-5	6.908938963419489
8.017953205361364E-5	6.28032433651951
7.289048368510331E-5	5.722825378851277
6.626407607736664E-5	5.195163413934746
6.02400691612424E-5	4.725744516296332
5.4763699237493086E-5	4.292876757825861
4.978518112499371E-5	3.9012325068375224
4.52592555681761E-5	3.5447751027381176
4.1144777789251E-5	3.224015257087349
3.7404343444773634E-5	2.9306360696513463
3.4003948586157844E-5	2.667492952950367
3.091268053287076E-5	2.425929505527684
2.8102436848064327E-5	2.2031747098794305
2.554766986187666E-5	2.003041703270954
2.322515441988787E-5	1.8189288875401823
2.1113776745352607E-5	1.6536773097319604
1.9194342495775094E-5	1.502888679856449
1.7449402268886447E-5	1.3693560046461977
1.586309297171495E-5	1.245024666090728
1.4420993610649954E-5	1.1300924561397572
1.3109994191499957E-5	1.0262691711464467
1.1918176537727232E-5	0.9338190376895302
1.0834705943388392E-5	0.8488378664060814
9.849732675807628E-6	0.7719540993857221
8.954302432552388E-6	0.7021635659554661
8.140274938683989E-6	0.6391828587247557
7.40024994425817E-6	0.5795209116008545
6.727499949325609E-6	0.5283303757080222
6.115909044841462E-6	0.4793979735586309
5.559917313492238E-6	0.43608517542501923
5.0544702849929435E-6	0.39634534915272823
4.594972986357221E-6	0.3601176565140469
4.177248169415655E-6	0.3279874348135304
3.7974983358324136E-6	0.29814340145621265
3.452271214393103E-6	0.2706498063056264
3.1384283767210024E-6	0.2461509882577504
2.853116706110002E-6	0.22350692657573829
2.5937424601000017E-6	0.2035496478857553
2.3579476910000015E-6	0.18470922624226827
2.1435888100000012E-6	0.1681958689952301
1.948717100000001E-6	0.15304682811541725
1.7715610000000007E-6	0.13891831395942705
1.6105100000000006E-6	0.1262892813607768
1.4641000000000003E-6	0.11483364994798274
1.3310000000000003E-6	0.10443074887718876
1.21E-6	0.0950810824574029
1.1E-6	0.08616455413230598
1.0E-6	0.07838373560215761
