0.092709068817831	241505.45766015153
0.08428097165257363	241387.85968398556
0.0766190651387033	241176.94857510366
0.06965369558063936	240536.18938419266
0.06332154143694486	238492.76925138154
0.05756503766994987	236546.08189552516
0.052331852427227155	233180.0895276712
0.047574411297479226	229196.34465251965
0.043249464815890204	225305.59535792956
0.03931769528717291	220353.98473361763
0.03574335935197537	215032.8232729515
0.03249396304725033	207848.97739746474
0.029539966406591206	200206.22825275984
0.02685451491508291	192433.43861102543
0.0244131953773481	183733.7683947661
0.02219381397940736	174358.58592123888
0.020176194526733963	165010.3599494943
0.0183419950243036	155610.87489773033
0.01667454093118509	146215.64545013045
0.015158673573804626	137066.00899316158
0.013780612339822387	127344.20239546165
0.012527829399838533	117716.18510218892
0.01138893581803503	107957.5236045009
0.010353578016395481	98608.0226920462
0.009412343651268619	88593.42369930037
0.008556676046607835	78622.08139951632
0.007778796406007121	67753.9125547558
0.00707163309637011	57798.066421152704
0.006428757360336463	47185.237925566376
0.005844324873033148	37609.609372726285
0.005313022611848316	28597.27990849617
0.004830020556225741	20381.840147284696
0.0043909277783870364	13535.60015252748
0.003991752525806396	8393.238726029971
0.0036288659325512686	4819.230503302526
0.003298969029592062	2755.3817858809575
0.0029990627541746015	1530.3028756879733
0.002726420685613274	973.2793395089004
0.0024785642596484307	722.7458969787353
0.0022532402360440277	509.4044970889624
0.0020484002145854797	337.3749459594968
0.0018621820132595267	204.41762554404383
0.0016928927393268422	113.43287046119875
0.0015389933993880383	58.55808239842462
0.0013990849085345801	31.504709681276424
0.0012718953713950728	23.314914095405257
0.001156268519450066	21.047536299781136
0.00105115319950006	19.149621364328052
9.555938177273272E-4	17.42682613540954
8.687216524793883E-4	15.820224854593416
7.897469567994438E-4	14.384760252801183
7.179517789085853E-4	13.086592753605762
6.526834353714411E-4	11.900498240169757
5.93348577610401E-4	10.824167549429776
5.394077978276372E-4	9.828128346427238
4.903707252978519E-4	8.943334340496804
4.457915684525926E-4	8.131621811831135
4.052650622296296E-4	7.383244141161317
3.6842278384511775E-4	6.720215605057561
3.3492980349556157E-4	6.104040531023075
3.044816395414196E-4	5.552789287643749
2.768014904921996E-4	5.042755833971409
2.5163771862927233E-4	4.5878766074110775
2.2876156239024756E-4	4.1756687834975335
2.0796505671840686E-4	3.7926039521374646
1.8905914247127894E-4	3.4441692573314704
1.7187194770116264E-4	3.1344813184623876
1.5624722518287512E-4	2.8454501872672364
1.4204293198443192E-4	2.583392058779266
1.2912993816766537E-4	2.3509435184592586
1.1739085287969578E-4	2.1422930792085144
1.0671895716335979E-4	1.9447324641887402
9.701723378487253E-5	1.7673901579179512
8.819748525897502E-5	1.6086479088296308
8.017953205361364E-5	1.4626906828469344
7.289048368510331E-5	1.3278053700873624
6.626407607736664E-5	1.2078245406036998
6.02400691612424E-5	1.0972383119594398
5.4763699237493086E-5	0.9980349852851598
4.978518112499371E-5	0.9081163685709045
4.52592555681761E-5	0.8243533342070295
4.1144777789251E-5	0.7501317402636005
3.7404343444773634E-5	0.6805570138748956
3.4003948586157844E-5	0.6198820230900626
3.091268053287076E-5	0.5626214549071966
2.8102436848064327E-5	0.5123971464442499
2.554766986187666E-5	0.46553878571453033
2.322515441988787E-5	0.42366406138292106
2.1113776745352607E-5	0.38455604091136986
1.9194342495775094E-5	0.34960639804840843
1.7449402268886447E-5	0.31831212860761876
1.586309297171495E-5	0.2891294734345627
1.4420993610649954E-5	0.26268893440741187
1.3109994191499957E-5	0.23903847070266523
1.1918176537727232E-5	0.21718988812686396
1.0834705943388392E-5	0.19731944508455618
9.849732675807628E-6	0.1795707071205968
8.954302432552388E-6	0.16301692651518085
8.140274938683989E-6	0.1483308419849462
7.40024994425817E-6	0.13475772608618122
6.727499949325609E-6	0.12248240664840744
6.115909044841462E-6	0.11146386404811244
5.559917313492238E-6	0.10136348218128044
5.0544702849929435E-6	0.0921327555702103
4.594972986357221E-6	0.08368367900829203
4.177248169415655E-6	0.07617349579840386
3.7974983358324136E-6	0.06926280129801207
3.452271214393103E-6	0.06292578778726175
3.1384283767210024E-6	0.05732186361796013
2.853116706110002E-6	0.051912421923897056
2.5937424601000017E-6	0.04727116464919891
2.3579476910000015E-6	0.04300344711511208
2.1435888100000012E-6	0.03910082080703952
1.948717100000001E-6	0.03549848799011674
1.7715610000000007E-6	0.03228385020820865
1.6105100000000006E-6	0.02935919070765823
1.4641000000000003E-6	0.026666732412381457
1.3310000000000003E-6	0.02426407684791359
1.21E-6	0.02203594392606114
1.1E-6	0.02005932809046043
1.0E-6	0.018229147092969
