0.0955593817727327	4399734.643101105
0.08687216524793881	4410377.568569287
0.07897469567994436	4437562.2301549865
0.0717951778908585	4462875.15190804
0.06526834353714409	4480816.301841438
0.05933485776104007	4499170.38616812
0.053940779782763695	4535107.918543448
0.049037072529785175	4557400.636512456
0.044579156845259246	4579047.238231109
0.04052650622296295	4601839.989456931
0.03684227838451177	4590901.019140366
0.03349298034955615	4558326.207872642
0.030448163954141953	4516713.215208917
0.027680149049219956	4446733.771192245
0.02516377186292723	4329959.0495550595
0.022876156239024753	4214575.494139342
0.020796505671840684	4046936.4950799416
0.018905914247127894	3863335.924595691
0.017187194770116265	3667941.5229892675
0.015624722518287514	3432567.527419518
0.014204293198443194	3182565.9039083943
0.01291299381676654	2908449.1261034748
0.01173908528796958	2627828.8172781994
0.01067189571633598	2338634.6619857866
0.009701723378487254	2047365.8491773726
0.008819748525897503	1752662.9237071099
0.008017953205361366	1465541.1430940847
0.007289048368510333	1173830.1680458337
0.006626407607736666	921354.0299523146
0.006024006916124241	685110.1831964011
0.00547636992374931	487051.8576324562
0.004978518112499372	326195.6679862481
0.00452592555681761	207151.93703129105
0.0041144777789251	124127.00641620763
0.0037404343444773632	68571.5432363017
0.0034003948586157845	31320.777289024016
0.0030912680532870765	11425.872877145812
0.002810243684806433	2843.1289386090552
0.0025547669861876662	342.91730902997983
0.0023225154419887874	79.2200665528928
0.002111377674535261	72.00862677012643
0.00191943424957751	65.40912075921372
0.0017449402268886452	59.475611767357556
0.0015863092971714955	54.098355196904535
0.0014420993610649957	49.180728790978364
0.001310999419149996	44.67586056502828
0.0011918176537727234	40.631532566946404
0.0010834705943388394	36.96560479876447
9.84973267580763E-4	33.59484430206276
8.95430243255239E-4	30.537266982965136
8.14027493868399E-4	27.767828208823197
7.400249944258172E-4	25.239798007475887
6.727499949325611E-4	22.929520721896537
6.115909044841464E-4	20.861366459764415
5.55991731349224E-4	18.9131342281008
5.054470284992944E-4	17.258828854116906
4.594972986357221E-4	15.665264237678025
4.177248169415655E-4	14.233703273082291
3.7974983358324136E-4	12.95479125757278
3.452271214393103E-4	11.775396749051126
3.1384283767210024E-4	10.688034332248968
2.853116706110002E-4	9.719257174797503
2.5937424601000017E-4	8.854427111343673
2.3579476910000016E-4	8.034246387183597
2.1435888100000014E-4	7.319555013695972
1.9487171000000012E-4	6.650507235859266
1.771561000000001E-4	6.0257674324587205
1.6105100000000008E-4	5.488811419337592
1.4641000000000006E-4	5.001992412718698
1.3310000000000004E-4	4.530638075851897
1.2100000000000003E-4	4.112652332647645
1.1000000000000002E-4	3.744477855590867
1.0E-4	3.411459047915566
