0.0955593817727327	253284.99357917998
0.08687216524793881	254619.70436359683
0.07897469567994436	255412.7329026344
0.0717951778908585	254573.09130891116
0.06526834353714409	253624.37153289776
0.05933485776104007	251873.69484753377
0.053940779782763695	249260.11446426559
0.049037072529785175	245864.66648381102
0.044579156845259246	241828.96435248948
0.04052650622296295	236777.95018240868
0.03684227838451177	231463.24077237127
0.03349298034955615	223852.22900870774
0.030448163954141953	215539.267470342
0.027680149049219956	206745.60294072187
0.02516377186292723	197192.6171769738
0.022876156239024753	187053.79337073283
0.020796505671840684	176868.57046118716
0.018905914247127894	166067.4242969618
0.017187194770116265	155406.13383775533
0.015624722518287514	144724.25032117058
0.014204293198443194	133715.41424066364
0.01291299381676654	123530.08322169508
0.01173908528796958	112285.13827693864
0.01067189571633598	101453.4864288652
0.009701723378487254	90487.20319146923
0.008819748525897503	79533.8299705229
0.008017953205361366	68741.09589566075
0.007289048368510333	57870.08650951465
0.006626407607736666	47121.594711976926
0.006024006916124241	37593.4026433793
0.00547636992374931	28315.44126287177
0.004978518112499372	20248.628800428432
0.00452592555681761	13320.664231306742
0.0041144777789251	8070.837432141802
0.0037404343444773632	4775.885753764161
0.0034003948586157845	2964.1883190422527
0.0030912680532870765	1796.9736517170354
0.002810243684806433	1091.699374062093
0.0025547669861876662	691.2414038114073
0.0023225154419887874	443.5257950925048
0.002111377674535261	260.93703858770084
0.00191943424957751	133.17013355677935
0.0017449402268886452	56.42361730343353
0.0015863092971714955	21.04350164254008
0.0014420993610649957	11.764089824227069
0.001310999419149996	10.596290417607637
0.0011918176537727234	9.641540614824093
0.0010834705943388394	8.75522885382717
9.84973267580763E-4	7.9545352033609795
8.95430243255239E-4	7.235311552721956
8.14027493868399E-4	6.575978654025867
7.400249944258172E-4	5.975775307110654
6.727499949325611E-4	5.419233643800205
6.115909044841464E-4	4.946507634328368
5.55991731349224E-4	4.489550250941233
5.054470284992944E-4	4.0807259082108525
4.594972986357221E-4	3.7114336114510005
4.177248169415655E-4	3.372117096891652
3.7974983358324136E-4	3.069585566687862
3.452271214393103E-4	2.7845696816434335
3.1384283767210024E-4	2.5385879834766443
2.853116706110002E-4	2.3025477298600157
2.5937424601000017E-4	2.0950019557442277
2.3579476910000016E-4	1.9028803175654432
2.1435888100000014E-4	1.7316379170813623
1.9487171000000012E-4	1.5739480129636212
1.771561000000001E-4	1.4318075495799198
1.6105100000000008E-4	1.3009587909055988
1.4641000000000006E-4	1.1816401600831299
1.3310000000000004E-4	1.074730445965815
1.2100000000000003E-4	0.9784625798862963
1.1000000000000002E-4	0.8879720146913347
1.0E-4	0.8075031423122847
