0.09412343651268613	2.0302690969763153E9
0.08556676046607829	2.0310316339211686E9
0.07778796406007117	2.0305884391990762E9
0.07071633096370106	2.031269311687789E9
0.0642875736033646	2.0333031945904877E9
0.05844324873033145	2.031039507130828E9
0.053130226118483136	2.0290728138037786E9
0.04830020556225739	2.0290182456568332E9
0.043909277783870354	2.0334689375284111E9
0.039917525258063954	2.0332627504613621E9
0.03628865932551268	2.0295260334406295E9
0.032989690295920616	2.032515450791522E9
0.029990627541746015	2.0305083039556465E9
0.02726420685613274	2.027639856476209E9
0.024785642596484306	2.0336700136111248E9
0.02253240236044028	2.0299191921120393E9
0.020484002145854798	2.0315189306382484E9
0.01862182013259527	2.0335494869236052E9
0.016928927393268425	2.0310988815082366E9
0.015389933993880386	2.0332867603656888E9
0.013990849085345805	2.0322740726425555E9
0.01271895371395073	2.0307926301997986E9
0.011562685194500663	2.0319154899556594E9
0.010511531995000602	2.0296664749651315E9
0.009555938177273274	2.0361090442905707E9
0.008687216524793885	2.0356154183703802E9
0.00789746956799444	2.0367617039346414E9
0.007179517789085854	2.0379018543828683E9
0.006526834353714412	2.0404938055894222E9
0.0059334857761040105	2.041552816496006E9
0.005394077978276373	2.0440719733093114E9
0.00490370725297852	2.0482950932295525E9
0.004457915684525927	2.054270045262703E9
0.004052650622296297	2.0647475793839908E9
0.0036842278384511783	2.0722202157934191E9
0.003349298034955616	2.082139202596051E9
0.0030448163954141963	2.0871832690302768E9
0.0027680149049219963	2.0946369992985845E9
0.0025163771862927236	2.0946529724720554E9
0.002287615623902476	2.0975294235446887E9
0.002079650567184069	2.1035018654539328E9
0.00189059142471279	2.102529131966543E9
0.001718719477011627	2.0969743128485665E9
0.0015624722518287517	2.090747113943779E9
0.0014204293198443196	2.0868240142260897E9
0.0012912993816766541	2.0816957754123647E9
0.0011739085287969582	2.073332822097729E9
0.0010671895716335984	2.059497350426237E9
9.701723378487258E-4	2.0501159899943278E9
8.819748525897506E-4	2.0273282113265216E9
8.017953205361369E-4	1.999385520039361E9
7.289048368510335E-4	1.966673049596176E9
6.626407607736668E-4	1.9227147259150608E9
6.024006916124242E-4	1.8726840733642485E9
5.47636992374931E-4	1.811077314091617E9
4.978518112499372E-4	1.7400546122999506E9
4.5259255568176106E-4	1.667572433857358E9
4.1144777789251E-4	1.5800098379562004E9
3.7404343444773637E-4	1.4846695062929463E9
3.400394858615785E-4	1.3846335492121074E9
3.091268053287077E-4	1.2712401468305326E9
2.8102436848064335E-4	1.1514762959353747E9
2.5547669861876666E-4	1.0216863870586483E9
2.3225154419887875E-4	8.888176526503153E8
2.1113776745352613E-4	7.519704183414571E8
1.91943424957751E-4	6.137448821228142E8
1.7449402268886454E-4	4.799220127715077E8
1.5863092971714956E-4	3.504549992947744E8
1.442099361064996E-4	2.4169384383249307E8
1.310999419149996E-4	1.5199528776255053E8
1.1918176537727237E-4	8.582685920352647E7
1.0834705943388396E-4	4.3472424948596805E7
9.849732675807631E-5	1.7559414295413468E7
8.954302432552392E-5	5700961.738713517
8.140274938683991E-5	1207396.22911733
7.400249944258173E-5	102865.99433840909
6.727499949325611E-5	0.004592781104986896
6.115909044841464E-5	0.004177647694288317
5.5599173134922395E-5	0.003804587778771208
5.0544702849929444E-5	0.003452736891218414
4.594972986357222E-5	0.0031320400489653704
4.177248169415656E-5	0.002846852109633798
3.7974983358324144E-5	0.002591729753127548
3.452271214393104E-5	0.0023543133817715517
3.138428376721003E-5	0.0021373838939857293
2.8531167061100026E-5	0.0019470437322212772
2.5937424601000023E-5	0.001770808200757863
2.357947691000002E-5	0.0016110680065899977
2.1435888100000015E-5	0.0014608125794781067
1.9487171000000013E-5	0.0013316342147760337
1.771561000000001E-5	0.0012094285043429212
1.610510000000001E-5	0.0010974901989491824
1.4641000000000006E-5	0.0010001322064391825
1.3310000000000005E-5	9.097532424028271E-4
1.2100000000000003E-5	8.272745276431105E-4
1.1000000000000001E-5	7.518058635621621E-4
1.0E-5	6.827407541936788E-4
