0.0955593817727327	0.044575
0.08687216524793881	0.0514
0.07897469567994436	0.058797
0.0717951778908585	0.067158
0.06526834353714409	0.07744
0.05933485776104007	0.087849
0.053940779782763695	0.101059
0.049037072529785175	0.114988
0.044579156845259246	0.131241
0.04052650622296295	0.149133
0.03684227838451177	0.168516
0.03349298034955615	0.19117
0.030448163954141953	0.215622
0.027680149049219956	0.243643
0.02516377186292723	0.273858
0.022876156239024753	0.30738
0.020796505671840684	0.342805
0.018905914247127894	0.382385
0.017187194770116265	0.424796
0.015624722518287514	0.469492
0.014204293198443194	0.515484
0.01291299381676654	0.563285
0.01173908528796958	0.611485
0.01067189571633598	0.659704
0.009701723378487254	0.703957
0.008819748525897503	0.748904
0.008017953205361366	0.790009
0.007289048368510333	0.830726
0.006626407607736666	0.866318
0.006024006916124241	0.900868
0.00547636992374931	0.92906
0.004978518112499372	0.951745
0.00452592555681761	0.968946
0.0041144777789251	0.981498
0.0037404343444773632	0.990252
0.0034003948586157845	0.995292
0.0030912680532870765	0.998267
0.002810243684806433	0.9996
0.0025547669861876662	0.99996
0.0023225154419887874	1.0
0.002111377674535261	1.0
0.00191943424957751	1.0
0.0017449402268886452	1.0
0.0015863092971714955	1.0
0.0014420993610649957	1.0
0.001310999419149996	1.0
0.0011918176537727234	1.0
0.0010834705943388394	1.0
9.84973267580763E-4	1.0
8.95430243255239E-4	1.0
8.14027493868399E-4	1.0
7.400249944258172E-4	1.0
6.727499949325611E-4	1.0
6.115909044841464E-4	1.0
5.55991731349224E-4	1.0
5.054470284992944E-4	1.0
4.594972986357221E-4	1.0
4.177248169415655E-4	1.0
3.7974983358324136E-4	1.0
3.452271214393103E-4	1.0
3.1384283767210024E-4	1.0
2.853116706110002E-4	1.0
2.5937424601000017E-4	1.0
2.3579476910000016E-4	1.0
2.1435888100000014E-4	1.0
1.9487171000000012E-4	1.0
1.771561000000001E-4	1.0
1.6105100000000008E-4	1.0
1.4641000000000006E-4	1.0
1.3310000000000004E-4	1.0
1.2100000000000003E-4	1.0
1.1000000000000002E-4	1.0
1.0E-4	1.0
