0.092709068817831	1.25E-4
0.08428097165257363	1.76E-4
0.0766190651387033	1.65E-4
0.06965369558063936	2.0E-4
0.06332154143694486	2.28E-4
0.05756503766994987	2.74E-4
0.052331852427227155	2.71E-4
0.047574411297479226	3.3E-4
0.043249464815890204	3.96E-4
0.03931769528717291	5.23E-4
0.03574335935197537	5.76E-4
0.03249396304725033	6.27E-4
0.029539966406591206	7.05E-4
0.02685451491508291	8.24E-4
0.0244131953773481	9.75E-4
0.02219381397940736	0.001074
0.020176194526733963	0.001279
0.0183419950243036	0.001477
0.01667454093118509	0.001652
0.015158673573804626	0.001907
0.013780612339822387	0.0023
0.012527829399838533	0.002614
0.01138893581803503	0.003083
0.010353578016395481	0.003493
0.009412343651268619	0.004007
0.008556676046607835	0.004733
0.007778796406007121	0.005381
0.00707163309637011	0.006245
0.006428757360336463	0.007199
0.005844324873033148	0.008441
0.005313022611848316	0.009612
0.004830020556225741	0.011097
0.0043909277783870364	0.013079
0.003991752525806396	0.01459
0.0036288659325512686	0.016963
0.003298969029592062	0.019364
0.0029990627541746015	0.022343
0.002726420685613274	0.025647
0.0024785642596484307	0.029633
0.0022532402360440277	0.033928
0.0020484002145854797	0.039063
0.0018621820132595267	0.044976
0.0016928927393268422	0.051534
0.0015389933993880383	0.058959
0.0013990849085345801	0.067912
0.0012718953713950728	0.077631
0.001156268519450066	0.088214
0.00105115319950006	0.100736
9.555938177273272E-4	0.114277
8.687216524793883E-4	0.130706
7.897469567994438E-4	0.148746
7.179517789085853E-4	0.16855
6.526834353714411E-4	0.190114
5.93348577610401E-4	0.215374
5.394077978276372E-4	0.243859
4.903707252978519E-4	0.273802
4.457915684525926E-4	0.30752
4.052650622296296E-4	0.345344
3.6842278384511775E-4	0.385664
3.3492980349556157E-4	0.430214
3.044816395414196E-4	0.477805
2.768014904921996E-4	0.52991
2.5163771862927233E-4	0.582659
2.2876156239024756E-4	0.63957
2.0796505671840686E-4	0.696927
1.8905914247127894E-4	0.754249
1.7187194770116264E-4	0.811628
1.5624722518287512E-4	0.86354
1.4204293198443192E-4	0.907074
1.2912993816766537E-4	0.942455
1.1739085287969578E-4	0.968137
1.0671895716335979E-4	0.984638
9.701723378487253E-5	0.99399
8.819748525897502E-5	0.998279
8.017953205361364E-5	0.999721
7.289048368510331E-5	0.999983
6.626407607736664E-5	1.0
6.02400691612424E-5	1.0
5.4763699237493086E-5	1.0
4.978518112499371E-5	1.0
4.52592555681761E-5	1.0
4.1144777789251E-5	1.0
3.7404343444773634E-5	1.0
3.4003948586157844E-5	1.0
3.091268053287076E-5	1.0
2.8102436848064327E-5	1.0
2.554766986187666E-5	1.0
2.322515441988787E-5	1.0
2.1113776745352607E-5	1.0
1.9194342495775094E-5	1.0
1.7449402268886447E-5	1.0
1.586309297171495E-5	1.0
1.4420993610649954E-5	1.0
1.3109994191499957E-5	1.0
1.1918176537727232E-5	1.0
1.0834705943388392E-5	1.0
9.849732675807628E-6	1.0
8.954302432552388E-6	1.0
8.140274938683989E-6	1.0
7.40024994425817E-6	1.0
6.727499949325609E-6	1.0
6.115909044841462E-6	1.0
5.559917313492238E-6	1.0
5.0544702849929435E-6	1.0
4.594972986357221E-6	1.0
4.177248169415655E-6	1.0
3.7974983358324136E-6	1.0
3.452271214393103E-6	1.0
3.1384283767210024E-6	1.0
2.853116706110002E-6	1.0
2.5937424601000017E-6	1.0
2.3579476910000015E-6	1.0
2.1435888100000012E-6	1.0
1.948717100000001E-6	1.0
1.7715610000000007E-6	1.0
1.6105100000000006E-6	1.0
1.4641000000000003E-6	1.0
1.3310000000000003E-6	1.0
1.21E-6	1.0
1.1E-6	1.0
1.0E-6	1.0
