0.0955593817727327	0.014955
0.08687216524793881	0.017497
0.07897469567994436	0.02016
0.0717951778908585	0.023107
0.06526834353714409	0.026945
0.05933485776104007	0.03065
0.053940779782763695	0.035354
0.049037072529785175	0.039813
0.044579156845259246	0.045375
0.04052650622296295	0.052029
0.03684227838451177	0.058953
0.03349298034955615	0.06717
0.030448163954141953	0.076219
0.027680149049219956	0.085904
0.02516377186292723	0.097056
0.022876156239024753	0.109004
0.020796505671840684	0.123101
0.018905914247127894	0.137162
0.017187194770116265	0.152553
0.015624722518287514	0.169082
0.014204293198443194	0.187573
0.01291299381676654	0.205949
0.01173908528796958	0.225142
0.01067189571633598	0.245425
0.009701723378487254	0.265285
0.008819748525897503	0.285434
0.008017953205361366	0.306405
0.007289048368510333	0.328795
0.006626407607736666	0.351241
0.006024006916124241	0.375134
0.00547636992374931	0.399114
0.004978518112499372	0.423843
0.00452592555681761	0.447691
0.0041144777789251	0.470793
0.0037404343444773632	0.494214
0.0034003948586157845	0.515303
0.0030912680532870765	0.536435
0.002810243684806433	0.558136
0.0025547669861876662	0.57998
0.0023225154419887874	0.601663
0.002111377674535261	0.625484
0.00191943424957751	0.648596
0.0017449402268886452	0.671727
0.0015863092971714955	0.697462
0.0014420993610649957	0.720048
0.001310999419149996	0.743635
0.0011918176537727234	0.768969
0.0010834705943388394	0.792759
9.84973267580763E-4	0.816541
8.95430243255239E-4	0.840357
8.14027493868399E-4	0.862271
7.400249944258172E-4	0.884709
6.727499949325611E-4	0.906522
6.115909044841464E-4	0.925757
5.55991731349224E-4	0.944111
5.054470284992944E-4	0.960322
4.594972986357221E-4	0.974513
4.177248169415655E-4	0.985913
3.7974983358324136E-4	0.994309
3.452271214393103E-4	0.999191
3.1384283767210024E-4	1.0
2.853116706110002E-4	1.0
2.5937424601000017E-4	1.0
2.3579476910000016E-4	1.0
2.1435888100000014E-4	1.0
1.9487171000000012E-4	1.0
1.771561000000001E-4	1.0
1.6105100000000008E-4	1.0
1.4641000000000006E-4	1.0
1.3310000000000004E-4	1.0
1.2100000000000003E-4	1.0
1.1000000000000002E-4	1.0
1.0E-4	1.0
