0.092709068817831	1.38E-4
0.08428097165257363	1.5E-4
0.0766190651387033	1.79E-4
0.06965369558063936	2.07E-4
0.06332154143694486	2.3E-4
0.05756503766994987	2.71E-4
0.052331852427227155	2.75E-4
0.047574411297479226	3.55E-4
0.043249464815890204	3.98E-4
0.03931769528717291	4.9E-4
0.03574335935197537	5.22E-4
0.03249396304725033	6.34E-4
0.029539966406591206	6.9E-4
0.02685451491508291	8.56E-4
0.0244131953773481	9.8E-4
0.02219381397940736	0.001126
0.020176194526733963	0.001339
0.0183419950243036	0.001442
0.01667454093118509	0.001735
0.015158673573804626	0.002
0.013780612339822387	0.002292
0.012527829399838533	0.002628
0.01138893581803503	0.002941
0.010353578016395481	0.003582
0.009412343651268619	0.004149
0.008556676046607835	0.004659
0.007778796406007121	0.005267
0.00707163309637011	0.006276
0.006428757360336463	0.007205
0.005844324873033148	0.008333
0.005313022611848316	0.009599
0.004830020556225741	0.011047
0.0043909277783870364	0.012665
0.003991752525806396	0.014844
0.0036288659325512686	0.017029
0.003298969029592062	0.019409
0.0029990627541746015	0.022573
0.002726420685613274	0.026023
0.0024785642596484307	0.029951
0.0022532402360440277	0.034551
0.0020484002145854797	0.039559
0.0018621820132595267	0.045159
0.0016928927393268422	0.052315
0.0015389933993880383	0.059909
0.0013990849085345801	0.06867
0.0012718953713950728	0.07822
0.001156268519450066	0.088933
0.00105115319950006	0.101883
9.555938177273272E-4	0.115534
8.687216524793883E-4	0.131281
7.897469567994438E-4	0.149383
7.179517789085853E-4	0.168147
6.526834353714411E-4	0.191107
5.93348577610401E-4	0.214974
5.394077978276372E-4	0.24216
4.903707252978519E-4	0.271845
4.457915684525926E-4	0.303717
4.052650622296296E-4	0.340865
3.6842278384511775E-4	0.380147
3.3492980349556157E-4	0.421074
3.044816395414196E-4	0.4656
2.768014904921996E-4	0.512541
2.5163771862927233E-4	0.56003
2.2876156239024756E-4	0.610662
2.0796505671840686E-4	0.658811
1.8905914247127894E-4	0.708143
1.7187194770116264E-4	0.755576
1.5624722518287512E-4	0.80284
1.4204293198443192E-4	0.847356
1.2912993816766537E-4	0.888152
1.1739085287969578E-4	0.925426
1.0671895716335979E-4	0.956699
9.701723378487253E-5	0.979756
8.819748525897502E-5	0.993567
8.017953205361364E-5	0.99946
7.289048368510331E-5	1.0
6.626407607736664E-5	1.0
6.02400691612424E-5	1.0
5.4763699237493086E-5	1.0
4.978518112499371E-5	1.0
4.52592555681761E-5	1.0
4.1144777789251E-5	1.0
3.7404343444773634E-5	1.0
3.4003948586157844E-5	1.0
3.091268053287076E-5	1.0
2.8102436848064327E-5	1.0
2.554766986187666E-5	1.0
2.322515441988787E-5	1.0
2.1113776745352607E-5	1.0
1.9194342495775094E-5	1.0
1.7449402268886447E-5	1.0
1.586309297171495E-5	1.0
1.4420993610649954E-5	1.0
1.3109994191499957E-5	1.0
1.1918176537727232E-5	1.0
1.0834705943388392E-5	1.0
9.849732675807628E-6	1.0
8.954302432552388E-6	1.0
8.140274938683989E-6	1.0
7.40024994425817E-6	1.0
6.727499949325609E-6	1.0
6.115909044841462E-6	1.0
5.559917313492238E-6	1.0
5.0544702849929435E-6	1.0
4.594972986357221E-6	1.0
4.177248169415655E-6	1.0
3.7974983358324136E-6	1.0
3.452271214393103E-6	1.0
3.1384283767210024E-6	1.0
2.853116706110002E-6	1.0
2.5937424601000017E-6	1.0
2.3579476910000015E-6	1.0
2.1435888100000012E-6	1.0
1.948717100000001E-6	1.0
1.7715610000000007E-6	1.0
1.6105100000000006E-6	1.0
1.4641000000000003E-6	1.0
1.3310000000000003E-6	1.0
1.21E-6	1.0
1.1E-6	1.0
1.0E-6	1.0
