0.0955593817727327	0.036205
0.08687216524793881	0.039842
0.07897469567994436	0.044455
0.0717951778908585	0.048284
0.06526834353714409	0.053045
0.05933485776104007	0.058313
0.053940779782763695	0.063792
0.049037072529785175	0.070026
0.044579156845259246	0.077207
0.04052650622296295	0.08394
0.03684227838451177	0.092574
0.03349298034955615	0.100964
0.030448163954141953	0.110423
0.027680149049219956	0.120233
0.02516377186292723	0.131531
0.022876156239024753	0.144208
0.020796505671840684	0.156842
0.018905914247127894	0.170428
0.017187194770116265	0.186113
0.015624722518287514	0.201246
0.014204293198443194	0.219411
0.01291299381676654	0.238693
0.01173908528796958	0.258624
0.01067189571633598	0.280088
0.009701723378487254	0.303369
0.008819748525897503	0.32749
0.008017953205361366	0.353108
0.007289048368510333	0.380606
0.006626407607736666	0.410563
0.006024006916124241	0.439936
0.00547636992374931	0.473088
0.004978518112499372	0.504298
0.00452592555681761	0.538782
0.0041144777789251	0.573701
0.0037404343444773632	0.608264
0.0034003948586157845	0.642988
0.0030912680532870765	0.678227
0.002810243684806433	0.712777
0.0025547669861876662	0.745842
0.0023225154419887874	0.777733
0.002111377674535261	0.807408
0.00191943424957751	0.835563
0.0017449402268886452	0.860598
0.0015863092971714955	0.882875
0.0014420993610649957	0.904075
0.001310999419149996	0.923579
0.0011918176537727234	0.942109
0.0010834705943388394	0.958729
9.84973267580763E-4	0.972975
8.95430243255239E-4	0.984851
8.14027493868399E-4	0.993661
7.400249944258172E-4	0.998738
6.727499949325611E-4	1.0
6.115909044841464E-4	1.0
5.55991731349224E-4	1.0
5.054470284992944E-4	1.0
4.594972986357221E-4	1.0
4.177248169415655E-4	1.0
3.7974983358324136E-4	1.0
3.452271214393103E-4	1.0
3.1384283767210024E-4	1.0
2.853116706110002E-4	1.0
2.5937424601000017E-4	1.0
2.3579476910000016E-4	1.0
2.1435888100000014E-4	1.0
1.9487171000000012E-4	1.0
1.771561000000001E-4	1.0
1.6105100000000008E-4	1.0
1.4641000000000006E-4	1.0
1.3310000000000004E-4	1.0
1.2100000000000003E-4	1.0
1.1000000000000002E-4	1.0
1.0E-4	1.0
