0.08505622499821096	1.0E-4
0.07088018749850913	0.0
0.05906682291542428	1.0E-4
0.049222352429520236	0.0
0.0410186270246002	2.0E-4
0.03418218918716683	1.0E-4
0.02848515765597236	4.0E-4
0.02373763137997697	2.0E-4
0.01978135948331414	5.0E-4
0.01648446623609512	0.0011
0.013737055196745932	0.0012
0.011447545997288276	0.0014
0.009539621664406897	0.0032
0.007949684720339082	0.0047
0.006624737266949235	0.0051
0.005520614389124362	0.0057
0.004600511990936969	0.0072
0.003833759992447474	0.0115
0.0031947999937062283	0.0135
0.0026623333280885236	0.0202
0.0022186111067404365	0.0252
0.0018488425889503638	0.0352
0.0015407021574586365	0.0461
0.0012839184645488638	0.0623
0.00106993205379072	0.0846
8.916100448256E-4	0.113
7.43008370688E-4	0.1474
6.1917364224E-4	0.1943
5.159780352E-4	0.2531
4.29981696E-4	0.3155
3.5831808E-4	0.3996
2.985984E-4	0.4752
2.48832E-4	0.5666
2.0736E-4	0.6597
1.728E-4	0.7523
1.44E-4	0.8356
1.2E-4	0.9198
1.0E-4	0.974
