0.06843264508857744	670108.5525390274
0.040254497110927906	566736.4441528093
0.02367911594760465	426133.73093301296
0.01392889173388509	292691.5332480266
0.00819346572581476	189626.41086869608
0.004819685721067506	105226.7897992386
0.0028351092476867684	44546.070115425675
0.0016677113221686872	10503.08419158602
9.810066600992279E-4	1071.8131150041506
5.770627412348399E-4	23.39998609848552
3.394486713146117E-4	0.0017720950658712572
1.9967568900859512E-4	0.0010411936644051055
1.1745628765211478E-4	6.051479797582352E-4
6.90919339130087E-5	3.614650773402353E-4
4.064231406647571E-5	2.1239658190267392E-4
2.3907243568515122E-5	1.2531232285343944E-4
1.406308445206772E-5	7.283867306043853E-5
8.272402618863365E-6	4.3211640807875415E-5
4.8661191875666855E-6	2.561976562751814E-5
2.862423051509815E-6	1.4877235600576075E-5
1.6837782655940089E-6	8.751315059082626E-6
9.904578032905935E-7	5.1478323876406E-6
5.826222372297609E-7	3.028136698576257E-6
3.4271896307632994E-7	1.7812568817377225E-6
2.0159939004489996E-7	1.0477981655837082E-6
1.1858787649699997E-7	6.163518621822129E-7
6.975757440999998E-8	3.6255991890426205E-7
4.1033867299999994E-8	2.1327054052939827E-7
2.4137569E-8	1.2545325914563105E-7
1.4198569999999999E-8	7.379603478632234E-8
8.3521E-9	4.340943222364845E-8
4.913E-9	2.5534960130942943E-8
2.89E-9	1.502056477700897E-8
1.7000000000000001E-9	8.835626349331102E-9
1.0E-9	5.1974272631284505E-9
