0.08801443169416692	88.53363893028965
0.06602733060327601	87.19301626014908
0.04953288117275019	83.55010740878541
0.03715895061721695	77.80741807120009
0.027876182008414813	69.70458724336672
0.020912364597460476	59.37355851415937
0.0156881954969696	47.9033842729321
0.011769088894950938	37.059664594811046
0.008829023927195003	27.18939432755964
0.006623423801346589	18.51077034138942
0.004968810053523323	11.761212537127884
0.0037275394249987417	6.9386873243597496
0.0027963536571633473	3.5838948824577543
0.002097789690295084	1.6900995784464152
0.0015737357016467248	0.7088321951997155
0.0011805969254664102	0.24179422032214823
8.856691113776522E-4	0.06835977269538604
6.644179380177436E-4	0.013522846550770476
4.98438063029065E-4	0.002436020269351292
3.7392202777874345E-4	0.0015838949104782997
2.8051164874624417E-4	0.0011861669303717347
2.1043634564609466E-4	8.826930654538321E-4
1.5786672591605E-4	6.655072636819074E-4
1.1842965185E-4	5.000905606602679E-4
8.884445000000001E-5	3.7671794899073625E-4
6.665000000000001E-5	2.826392416381294E-4
5.0E-5	2.0926958070488602E-4
