0.009598705768327897	1.0791884967297694E14
0.00872609615302536	1.0810982188292964E14
0.00793281468456851	1.0798690960702438E14
0.007211649713244099	1.0786829459057922E14
0.006556045193858271	1.074078669081577E14
0.005960041085325701	1.0723716537681323E14
0.005418219168477909	1.0809180585503484E14
0.004925653789525372	1.0753984171017038E14
0.004477867081386701	1.0785675280989998E14
0.004070788255806091	1.0694828617868252E14
0.0037007165961873557	1.0776089924249222E14
0.0033642878147157776	1.079043856500091E14
0.003058443467923434	1.0815065613194278E14
0.002780403152657667	1.0747481917058511E14
0.0025276392296887883	1.0775872680334516E14
0.0022978538451716257	1.0811135292453656E14
0.002088958041065114	1.0736710148947894E14
0.0018990527646046492	1.080593555694991E14
0.0017264116041860445	1.0730913998745073E14
0.0015694650947145857	1.076930407341588E14
0.0014267864497405323	1.0793890044590508E14
0.0012970785906732112	1.0778819844507334E14
0.0011791623551574647	1.074470863382733E14
0.001071965777415877	1.0799566016920617E14
9.745143431053425E-4	1.0778893483609323E14
8.859221300957659E-4	1.0716664525448747E14
8.053837546325144E-4	1.0740481285621012E14
7.321670496659221E-4	1.0748659914139717E14
6.656064087872019E-4	1.0772748226325969E14
6.050967352610926E-4	1.0792462235241314E14
5.500879411464478E-4	1.0771391132113572E14
5.000799464967707E-4	1.0766936604256977E14
4.5461813317888237E-4	1.075870992454149E14
4.132892119808021E-4	1.0736966623936086E14
3.757174654370928E-4	1.075740127416424E14
3.4156133221553887E-4	1.0748004216698405E14
3.105103020141262E-4	1.0695195771387355E14
2.822820927401147E-4	1.0764712771300488E14
2.5662008430919514E-4	1.0642517060188994E14
2.332909857356319E-4	1.0771528534923566E14
2.120827143051199E-4	1.0775334513185427E14
1.9280246755010898E-4	1.0763860123541611E14
1.7527497050009907E-4	1.0764594060946866E14
1.5934088227281733E-4	1.0773196749449917E14
1.4485534752074303E-4	1.0780391378833273E14
1.3168667956431183E-4	1.0755521872755458E14
1.1971516324028347E-4	1.0771495047690644E14
1.0883196658207588E-4	1.0804415002255161E14
9.89381514382508E-5	1.0790225170596055E14
8.994377403477344E-5	1.0685323331031188E14
8.176706730433949E-5	1.0740380413402666E14
7.433369754939953E-5	1.0748713082103184E14
6.757608868127229E-5	1.0785813753689811E14
6.143280789206571E-5	1.0808416637298752E14
5.584800717460519E-5	1.0728061942342553E14
5.077091561327744E-5	1.0791683820292052E14
4.6155377830252214E-5	1.0760891256778728E14
4.195943439113837E-5	1.0685191332845972E14
3.8144940355580336E-5	1.0726473944453002E14
3.467721850507303E-5	1.0756512812653744E14
3.1524744095520936E-5	1.0801429173519181E14
2.865885826865539E-5	1.0702662123991952E14
2.6053507516959444E-5	1.0759633679107586E14
2.3685006833599493E-5	1.0696492163734102E14
2.1531824394181356E-5	1.0769597470267652E14
1.957438581289214E-5	1.0710871599486861E14
1.7794896193538308E-5	1.066927693259046E14
1.6177178357762097E-5	1.07367930695677E14
1.4706525779783724E-5	1.0686775295322016E14
1.3369568890712475E-5	1.0692487308930916E14
1.2154153537011341E-5	1.0683125136031805E14
1.1049230488192128E-5	1.0683650504208725E14
1.004475498926557E-5	1.0633455803444848E14
9.13159544478688E-6	1.0663055773427464E14
8.30145040435171E-6	1.06568080341608E14
7.5467730948651894E-6	1.0697538477089698E14
6.860702813513808E-6	1.0658560878043803E14
6.2370025577398244E-6	1.063467840720973E14
5.670002325218022E-6	1.0624432787339438E14
5.15454756838002E-6	1.0617266333369297E14
4.685952334890927E-6	1.0591213411066236E14
4.25995666808266E-6	1.0569130295052764E14
3.872687880075145E-6	1.0603293533146258E14
3.5206253455228583E-6	1.063063962870156E14
3.200568495929871E-6	1.0586772300259438E14
2.9096077235726097E-6	1.0532151352552216E14
2.645097930520554E-6	1.0594216157282914E14
2.4046344822914125E-6	1.0569753105379947E14
2.1860313475376476E-6	1.0564068754798916E14
1.987301225034225E-6	1.0537421740767962E14
1.8066374773038408E-6	1.0548698691326166E14
1.6423977066398551E-6	1.0497674860109011E14
1.49308882421805E-6	1.0573794252497739E14
1.3573534765618636E-6	1.0441190904019661E14
1.2339577059653304E-6	1.0420972622782897E14
1.1217797326957547E-6	1.0339927741774898E14
1.0197997569961405E-6	1.0377878210379484E14
9.270906881783095E-7	1.042271841610503E14
8.428097165257359E-7	1.0379921258202227E14
7.661906513870326E-7	1.0320690323801755E14
6.965369558063932E-7	1.0338819854772795E14
6.332154143694483E-7	1.0336319569560416E14
5.756503766994984E-7	1.0351616919805827E14
5.233185242722712E-7	1.0258878035658616E14
4.75744112974792E-7	1.0187885253319834E14
4.324946481589018E-7	1.0206221024307133E14
3.9317695287172887E-7	1.0144162638727003E14
3.574335935197535E-7	1.0126427047087031E14
3.2493963047250317E-7	1.008027704508763E14
2.9539966406591193E-7	1.0049282199567366E14
2.68545149150829E-7	9.999022524549377E13
2.441319537734809E-7	9.969263104464662E13
2.219381397940735E-7	9.97716338942152E13
2.0176194526733952E-7	9.974723865609633E13
1.8341995024303592E-7	9.935853307726217E13
1.6674540931185083E-7	9.881478426677192E13
1.5158673573804618E-7	9.826905919934038E13
1.3780612339822378E-7	9.761279689292731E13
1.2527829399838524E-7	9.707609112210388E13
1.1388935818035021E-7	9.653087208232005E13
1.0353578016395473E-7	9.566026846638128E13
9.412343651268612E-8	9.514264075728827E13
8.556676046607828E-8	9.490264551753697E13
7.778796406007116E-8	9.420350458461416E13
7.071633096370106E-8	9.37725438505292E13
6.42875736033646E-8	9.319299879089233E13
5.844324873033145E-8	9.249231013709923E13
5.313022611848313E-8	9.172117729154367E13
4.830020556225739E-8	9.073817063534716E13
4.3909277783870354E-8	8.992398191044014E13
3.991752525806396E-8	8.869922934456388E13
3.6288659325512686E-8	8.786118835161345E13
3.298969029592062E-8	8.723845445540816E13
2.999062754174602E-8	8.672032542166777E13
2.726420685613274E-8	8.570397616577875E13
2.4785642596484307E-8	8.467004040821744E13
2.2532402360440278E-8	8.353815172194348E13
2.0484002145854796E-8	8.268217177083242E13
1.8621820132595267E-8	8.13694923361522E13
1.6928927393268423E-8	8.034189341848377E13
1.5389933993880382E-8	7.906926108886108E13
1.39908490853458E-8	7.792069888804495E13
1.2718953713950727E-8	7.68171060406019E13
1.156268519450066E-8	7.550166180557053E13
1.05115319950006E-8	7.415896204203761E13
9.555938177273272E-9	7.28392167823127E13
8.687216524793883E-9	7.134004067282052E13
7.897469567994439E-9	6.973614142816735E13
7.179517789085852E-9	6.7998817729664555E13
6.52683435371441E-9	6.630252551886328E13
5.933485776104009E-9	6.472511086284899E13
5.394077978276371E-9	6.293518250569233E13
4.903707252978519E-9	6.108098711813444E13
4.457915684525926E-9	5.936523123296482E13
4.052650622296296E-9	5.749508492211822E13
3.684227838451178E-9	5.549055806875388E13
3.349298034955616E-9	5.339238644111006E13
3.0448163954141962E-9	5.146939411621562E13
2.7680149049219965E-9	4.9509192904673414E13
2.5163771862927238E-9	4.755965025788949E13
2.287615623902476E-9	4.560957461736731E13
2.079650567184069E-9	4.348426056989285E13
1.89059142471279E-9	4.144099181182603E13
1.718719477011627E-9	3.9401450377719945E13
1.5624722518287518E-9	3.735751221464359E13
1.4204293198443197E-9	3.538407904378406E13
1.2912993816766542E-9	3.3344579063223555E13
1.1739085287969582E-9	3.129848052936049E13
1.0671895716335982E-9	2.933982207335741E13
9.701723378487256E-10	2.7376624926401508E13
8.819748525897505E-10	2.5377740346210246E13
8.017953205361368E-10	2.344424791772137E13
7.289048368510334E-10	2.1460415815759957E13
6.626407607736667E-10	1.9593969148232977E13
6.024006916124242E-10	1.7698331357414016E13
5.47636992374931E-10	1.5962609729778898E13
4.978518112499372E-10	1.4200911160537244E13
4.5259255568176106E-10	1.2527412003176443E13
4.1144777789251E-10	1.0988290198647402E13
3.7404343444773636E-10	9.568737095453441E12
3.400394858615785E-10	8.223707381168353E12
3.091268053287077E-10	6.946224553918163E12
2.8102436848064334E-10	5.790877648804519E12
2.5547669861876664E-10	4.724589293363706E12
2.3225154419887874E-10	3.8094970578881333E12
2.111377674535261E-10	3.0305309596735913E12
1.91943424957751E-10	2.3740878660807017E12
1.7449402268886453E-10	1.781975952585225E12
1.5863092971714955E-10	1.346948303411316E12
1.4420993610649958E-10	9.686794894011345E11
1.3109994191499962E-10	6.763282254489089E11
1.1918176537727237E-10	4.64485194589615E11
1.0834705943388396E-10	2.903817769649423E11
9.849732675807632E-11	1.7769266292391214E11
8.954302432552392E-11	9.831858857963423E10
8.140274938683992E-11	6.20934443979793E10
7.400249944258174E-11	3.10840760269453E10
6.727499949325612E-11	1.4937604824435503E10
6.115909044841465E-11	7.147908905277342E9
5.559917313492241E-11	5.4840246152847185E9
5.0544702849929457E-11	4.387219691275982E9
4.594972986357223E-11	1.096804922637559E9
4.1772481694156566E-11	2.5810188317156935E-5
3.7974983358324146E-11	2.3463807561094353E-5
3.452271214393104E-11	2.1330734146458365E-5
3.1384283767210034E-11	1.9391576496770214E-5
2.8531167061100028E-11	1.7628705906119048E-5
2.5937424601000022E-11	1.6026096278329824E-5
2.357947691000002E-11	1.4569178434831484E-5
2.1435888100000017E-11	1.3244707668026028E-5
1.9487171000000014E-11	1.2040643334593255E-5
1.771561000000001E-11	1.0946039395049546E-5
1.6105100000000008E-11	9.950944904609008E-6
1.4641000000000006E-11	9.046313549633373E-6
1.3310000000000004E-11	8.223921408753477E-6
1.2100000000000002E-11	7.4762921897930035E-6
1.1E-11	6.796629263440165E-6
1.0E-11	6.178753875856164E-6
