0.0881862940781451	721477.4888905264
0.07348857839845425	727177.2310013382
0.06124048199871188	722753.2913161069
0.05103373499892657	723530.9186255679
0.04252811249910548	722766.0319558524
0.03544009374925457	719178.4201460048
0.02953341145771214	720722.8063663458
0.024611176214760118	713973.3320429854
0.0205093135123001	697068.05096859
0.017091094593583416	677159.6279806489
0.01424257882798618	647754.2866281059
0.011868815689988484	607551.7998044756
0.00989067974165707	555097.9856312205
0.00824223311804756	493365.49865280837
0.006868527598372966	428827.5990764708
0.005723772998644138	367188.83537614247
0.004769810832203449	303733.312027784
0.003974842360169541	242868.56304001482
0.0033123686334746174	188447.930659152
0.002760307194562181	143706.40467249582
0.0023002559954684843	104592.44981421794
0.001916879996223737	72326.75800353121
0.0015973999968531142	48597.692314890875
0.0013311666640442618	31052.202688929112
0.0011093055533702182	19458.15065425274
9.244212944751819E-4	12041.520016419568
7.703510787293183E-4	7535.394907831442
6.419592322744319E-4	4632.806208695169
5.3496602689536E-4	2657.2975452360315
4.458050224128E-4	1653.0885844901861
3.71504185344E-4	948.1605747162573
3.0958682112E-4	493.29365118783267
2.579890176E-4	229.96390023335036
2.14990848E-4	88.32612484498769
1.7915904E-4	41.41513173995461
1.492992E-4	9.693929598418375
1.24416E-4	2.644548387879566
1.0368E-4	8.65588186715556E-4
8.64E-5	7.16584541585308E-4
7.2E-5	5.976997294161622E-4
6.0E-5	4.978832276726794E-4
5.0E-5	4.144324292140693E-4
