2.848515765597234E-4	3.974559891377559E13
2.373763137997695E-4	3.979397252799337E13
1.9781359483314126E-4	3.986663589766482E13
1.6484466236095106E-4	3.97415248969302E13
1.3737055196745923E-4	4.018299686993138E13
1.1447545997288269E-4	4.0265869136878125E13
9.539621664406892E-5	4.0452515627869914E13
7.949684720339076E-5	4.084678876811249E13
6.62473726694923E-5	4.074708731929138E13
5.520614389124359E-5	4.120141152996482E13
4.600511990936966E-5	4.139013608624956E13
3.833759992447472E-5	4.153770078948074E13
3.194799993706227E-5	4.207822262346215E13
2.6623333280885226E-5	4.1837532567218266E13
2.2186111067404355E-5	4.202113443732373E13
1.848842588950363E-5	4.262353197402212E13
1.540702157458636E-5	4.272831069074163E13
1.2839184645488632E-5	4.281714567521708E13
1.0699320537907193E-5	4.284096040720479E13
8.916100448255995E-6	4.299448550189452E13
7.430083706879996E-6	4.3007225644800695E13
6.1917364223999975E-6	4.326369186388612E13
5.159780351999998E-6	4.357323288537568E13
4.299816959999999E-6	4.3656123267030336E13
3.583180799999999E-6	4.3779300670180336E13
2.985983999999999E-6	4.396305443800963E13
2.4883199999999992E-6	4.413281339530941E13
2.0735999999999995E-6	4.37855462501636E13
1.7279999999999998E-6	4.389358432655916E13
1.44E-6	4.339655572703129E13
1.2E-6	4.278008358604949E13
1.0E-6	4.2991575835036586E13
