0.009875629339197778	722290.4121447646
0.007408574147935318	719867.672074481
0.005557820065967981	715897.361168429
0.004169407401326318	720193.1058656721
0.0031278375103723317	711760.1374913689
0.0023464647489664903	710607.0817812958
0.0017602886338833387	713208.4019737515
0.0013205466120655204	707884.7621797862
9.90657623455004E-4	708903.3449078383
7.43179012344339E-4	689098.5773662508
5.575236401682964E-4	662656.5692653494
4.182472919492096E-4	615045.5270913029
3.1376390993939206E-4	553898.6493024637
2.353817778990188E-4	471017.9046133619
1.7658047854390008E-4	382159.0779076129
1.324684760269318E-4	285850.79115721426
9.937620107046648E-5	199852.7662661722
7.455078849997485E-5	128450.41767859855
5.592707314326695E-5	73476.02701446068
4.195579380590169E-5	35236.62984547184
3.14747140329345E-5	14334.174656278083
2.361193850932821E-5	4452.556808851157
1.7713382227553046E-5	973.3308345741636
1.3288358760354873E-5	64.0339358243865
9.9687612605813E-6	8.799034849231979E-5
7.4784405555748695E-6	6.549639657911308E-5
5.610232974924883E-6	4.9745738175855435E-5
4.208726912921893E-6	3.71717746379561E-5
3.157334518321E-6	2.7814740793636447E-5
2.368593037E-6	2.091003306382639E-5
1.776889E-6	1.5831768015477083E-5
1.333E-6	1.1717891170924453E-5
1.0E-6	8.744276010387849E-6
