0.08801443169416692	88.99712715052007
0.06602733060327601	88.89968543274983
0.04953288117275019	88.42315347362477
0.03715895061721695	84.78350375980908
0.027876182008414813	78.62808984570783
0.020912364597460476	69.26417397318818
0.0156881954969696	56.7873756058735
0.011769088894950938	44.59382855065099
0.008829023927195003	32.11356619511654
0.006623423801346589	20.69237463195665
0.004968810053523323	12.199317740085426
0.0037275394249987417	6.1501147368869535
0.0027963536571633473	2.5132852480328403
0.002097789690295084	0.8499641312601357
0.0015737357016467248	0.20583510576122688
0.0011805969254664102	0.03771386422095799
8.856691113776522E-4	0.008143277545050353
6.644179380177436E-4	0.0037572921492105412
4.98438063029065E-4	0.0026520973853153477
3.7392202777874345E-4	0.001972265884471688
2.8051164874624417E-4	0.0014950211268957595
2.1043634564609466E-4	0.0011240054067040098
1.5786672591605E-4	8.372131991710394E-4
1.1842965185E-4	6.32343916472758E-4
8.884445000000001E-5	4.729949447964926E-4
6.665000000000001E-5	3.5171340778962637E-4
5.0E-5	2.667096701138136E-4
