0.009598705768327897	1.1118937069295436E14
0.00872609615302536	1.1173297299870272E14
0.00793281468456851	1.11358676827929E14
0.007211649713244099	1.1044372237704819E14
0.006556045193858271	1.100077377652977E14
0.005960041085325701	1.0941998810337883E14
0.005418219168477909	1.0895884406890084E14
0.004925653789525372	1.0856617306069552E14
0.004477867081386701	1.0808660467664206E14
0.004070788255806091	1.0750185196037005E14
0.0037007165961873557	1.0643309135563756E14
0.0033642878147157776	1.0549130082859933E14
0.003058443467923434	1.0487071795149277E14
0.002780403152657667	1.036245288814092E14
0.0025276392296887883	1.0237368582616123E14
0.0022978538451716257	1.0141796098230458E14
0.002088958041065114	1.0086013056442738E14
0.0018990527646046492	9.9096424693589E13
0.0017264116041860445	9.747405082021478E13
0.0015694650947145857	9.618670610608708E13
0.0012970785906732112	9.303027467236883E13
0.001071965777415877	8.93358497221366E13
8.859221300957659E-4	8.410986663528953E13
7.321670496659221E-4	7.978799781104989E13
6.050967352610926E-4	7.44607391852895E13
5.000799464967707E-4	6.8891380842674086E13
4.132892119808021E-4	6.228990233424197E13
3.4156133221553887E-4	5.6421210608590586E13
2.822820927401147E-4	4.965346990534413E13
2.332909857356319E-4	4.292398974733875E13
1.9280246755010898E-4	3.6832224739316234E13
1.5934088227281733E-4	2.980814531442939E13
1.3168667956431183E-4	2.431849106759358E13
1.0883196658207588E-4	1.8728614306823754E13
8.994377403477344E-5	1.3945380347768658E13
7.433369754939953E-5	1.0021637576360133E13
6.143280789206571E-5	6.695551570110719E12
5.077091561327744E-5	4.185505769362687E12
4.195943439113837E-5	2.506973748107672E12
3.467721850507303E-5	1.3497453170589595E12
2.865885826865539E-5	6.710824404668563E11
2.1531824394181356E-5	1.6243899348778815E11
1.7794896193538308E-5	5.081228129078622E10
1.4706525779783724E-5	1.3852739924906605E10
1.2154153537011341E-5	3.4143531101733155E9
1.004475498926557E-5	23.40284877894784

8.30145040435171E-6	19.525984528537943

6.860702813513808E-6	16.137177296312395

5.670002325218022E-6	13.15156585502782

4.685952334890927E-6	10.86906269010564

3.872687880075145E-6	8.982696438103785

3.200568495929871E-6	7.4237160645486036

2.645097930520554E-6	6.159197338653783

2.1860313475376476E-6	5.090245734424645

1.8066374773038408E-6	4.2068146565492235

1.49308882421805E-6	3.4767063277266486

1.2339577059653304E-6	2.8733110146500924

1.0197997569961405E-6	2.374637202190182

8.428097165257359E-7	1.962510084454696

6.965369558063932E-7	1.6219091607063638

5.756503766994984E-7	1.3404207939721995

4.75744112974792E-7	1.107785780142313

3.9317695287172887E-7	0.9155254381341338

3.2493963047250317E-7	0.7566325934992947

2.68545149150829E-7	0.6253161929746165

2.219381397940735E-7	0.5167902421277919

1.8341995024303592E-7	0.4270993736593289

1.5158673573804618E-7	0.35297468897465056

1.2527829399838524E-7	0.2917146189873124

1.0353578016395473E-7	0.24108646197298889

8.556676046607828E-8	0.1992450098950328

7.071633096370106E-8	0.16466529743391187

5.844324873033145E-8	0.13608702267265532

4.830020556225739E-8	0.11246861377905264

3.991752525806396E-8	0.0929492675859922

3.298969029592062E-8	0.07681757651734761

2.726420685613274E-8	0.06348560042756153

2.2532402360440278E-8	0.05246743836988655

1.8621820132595267E-8	0.04336151931395657

1.5389933993880382E-8	0.03583596637516795

1.2718953713950727E-8	0.029616501136503402

1.05115319950006E-8	0.024476447220250615

8.687216524793883E-9	0.02022846877706695

7.179517789085852E-9	0.01671774279096425

5.933485776104009E-9	0.013816316356168765

4.903707252978519E-9	0.011418443269560562

4.052650622296296E-9	0.00943672997484416

3.349298034955616E-9	0.007798950392432687

2.7680149049219965E-9	0.006445413547464938

2.287615623902476E-9	0.005326788055755963

1.89059142471279E-9	0.004402304178310881

1.5624722518287518E-9	0.0036382679159595375

1.2912993816766542E-9	0.0030068329883964216

1.0671895716335982E-9	0.0024849859408230335

8.819748525897505E-10	0.0020537073891103313

7.289048368510334E-10	0.0016972788339753287

6.024006916124242E-10	0.0014027097801447314

4.978518112499372E-10	0.0011592642811112525

4.1144777789251E-10	9.580696538111366E-4

3.400394858615785E-10	7.917931023232788E-4

2.8102436848064334E-10	6.54374464729981E-4

2.3225154419887874E-10	5.408053427521636E-4

1.91943424957751E-10	4.4694656425790054E-4

1.5863092971714955E-10	3.693773258329593E-4

1.3109994191499962E-10	3.052705172173286E-4

1.0834705943388396E-10	2.522896836506329E-4

8.954302432552392E-11	2.085038707856698E-4

7.400249944258174E-11	1.723172485832377E-4

6.115909044841465E-11	1.4241094924232777E-4

5.0544702849929457E-11	1.176949993737951E-4

4.1772481694156566E-11	9.72685945237867E-5

3.452271214393104E-11	8.038726820148516E-5

2.8531167061100028E-11	6.643575884418677E-5

2.357947691000002E-11	5.4905585821644684E-5

1.9487171000000014E-11	4.537651720796807E-5

1.6105100000000008E-11	3.750125389091373E-5

1.3310000000000004E-11	3.099277181063874E-5

1.1E-11	2.561386100054874E-5

