2.848515765597234E-4	3.805228906784617E13
2.373763137997695E-4	3.433963903010669E13
1.9781359483314126E-4	3.0491254126823117E13
1.6484466236095106E-4	2.6195757670817527E13
1.3737055196745923E-4	2.1861934404104168E13
1.1447545997288269E-4	1.790937151629082E13
9.539621664406892E-5	1.386201903197235E13
7.949684720339076E-5	1.0436010694166254E13
6.62473726694923E-5	7.474936562452451E12
5.520614389124359E-5	5.041841500014544E12
4.600511990936966E-5	3.1585877857667114E12
3.833759992447472E-5	1.9112133926566355E12
3.194799993706227E-5	1.0021767877448624E12
2.6623333280885226E-5	4.63867426455484E11
2.2186111067404355E-5	2.0131342349200397E11
1.848842588950363E-5	7.833097207724518E10
1.540702157458636E-5	1.5162897586048681E10
1.2839184645488632E-5	6.923266792259692E9
1.0699320537907193E-5	1.4277716389420514E9
8.916100448255995E-6	20.894667700250107
7.430083706879996E-6	17.326210682552762
6.1917364223999975E-6	14.424557304999098
5.159780351999998E-6	12.07553652871425
4.299816959999999E-6	10.022833477348533
3.583180799999999E-6	8.434760031024052
2.985983999999999E-6	6.92382812410789
2.4883199999999992E-6	5.811039610093493
2.0735999999999995E-6	4.8449798987000054
1.7279999999999998E-6	4.04683491615471
1.44E-6	3.350637958362196
1.2E-6	2.8082714982478074
1.0E-6	2.334832642247729
