0.016425253242765427	1.8825656646893118E7
0.012322020437183365	1.8917996041138787E7
0.009243826284458639	1.912109711893192E7
0.006934603364185025	1.930763352123791E7
0.0052022530864103715	1.952399938813682E7
0.0039026654811780736	1.977490612613044E7
0.0029277310436444663	2.0083297663034983E7
0.0021963473695757437	2.0503543520761564E7
0.0016476724452931311	2.098079922978852E7
0.0012360633498073002	2.151552904052644E7
9.272793321885224E-4	2.1984434422672518E7
6.956334074932651E-4	2.248446137392649E7
5.218555194998238E-4	2.2745405132564034E7
3.9148951200286856E-4	2.2916583762491055E7
2.9369055664131175E-4	2.311747347401447E7
2.2032299823054145E-4	2.3151213251668323E7
1.6528356956529741E-4	2.316440136189071E7
1.2399367559287128E-4	2.3183549779021144E7
9.301851132248409E-5	2.317491534696958E7
6.978132882406909E-5	2.315879666926823E7
5.2349083889024074E-5	2.3166597349026933E7
3.927163082447418E-5	2.318947870211937E7
2.9461088390453246E-5	2.317254988006157E7
2.2101341628246997E-5	2.3199085453307603E7
1.6580151259E-5	2.319638623013791E7
1.2438222999999998E-5	2.3140001117508568E7
9.331E-6	2.317451832359246E7
7.0E-6	2.3156059353827983E7
