0.08801443169416692	84.39392269469279
0.06602733060327601	83.45684143174701
0.04953288117275019	79.56272314860779
0.03715895061721695	74.99888098971502
0.027876182008414813	67.66749033669022
0.020912364597460476	58.222884247130196
0.0156881954969696	47.72974356350376
0.011769088894950938	37.476610919298295
0.008829023927195003	27.659891309274972
0.006623423801346589	19.134574305006435
0.004968810053523323	12.086429146127502
0.0037275394249987417	7.010670422993646
0.0027963536571633473	3.7288233145208243
0.002097789690295084	1.8152212983391487
0.0015737357016467248	0.7354561566324053
0.0011805969254664102	0.2606455014977055
8.856691113776522E-4	0.06389138687521627
6.644179380177436E-4	0.01216152764797777
4.98438063029065E-4	0.003383239870009934
3.7392202777874345E-4	0.0015100558795453402
2.8051164874624417E-4	0.0011231250657001229
2.1043634564609466E-4	8.40071465604323E-4
1.5786672591605E-4	6.285187984515917E-4
1.1842965185E-4	4.756737638243656E-4
8.884445000000001E-5	3.552170173609842E-4
6.665000000000001E-5	2.655120746491687E-4
5.0E-5	2.0006453087236995E-4
