2.848515765597234E-4	1.3987081857632614E14
2.373763137997695E-4	1.4554410523010184E14
1.9781359483314126E-4	1.5189881763234153E14
1.6484466236095106E-4	1.5849501736437838E14
1.3737055196745923E-4	1.645817964918602E14
1.1447545997288269E-4	1.694893474203496E14
9.539621664406892E-5	1.7593522088368912E14
7.949684720339076E-5	1.8108158377611988E14
6.62473726694923E-5	1.859016116924438E14
5.520614389124359E-5	1.9125611847242372E14
4.600511990936966E-5	1.9428790089214166E14
3.833759992447472E-5	1.976352871562511E14
3.194799993706227E-5	2.0060374094518253E14
2.6623333280885226E-5	2.0306423908996194E14
2.2186111067404355E-5	2.0460373487541522E14
1.848842588950363E-5	2.0660032063176494E14
1.540702157458636E-5	2.0819334036035866E14
1.2839184645488632E-5	2.1168459090103316E14
1.0699320537907193E-5	2.1547283453680462E14
8.916100448255995E-6	2.1985950425437112E14
7.430083706879996E-6	2.2537182379027866E14
6.1917364223999975E-6	2.3124640981329428E14
5.159780351999998E-6	2.3829173973394366E14
4.299816959999999E-6	2.446295302859596E14
3.583180799999999E-6	2.5109194765461294E14
2.985983999999999E-6	2.5850357403018256E14
2.4883199999999992E-6	2.6556690268606425E14
2.0735999999999995E-6	2.720819537381786E14
1.7279999999999998E-6	2.79383271701944E14
1.44E-6	2.855570388001943E14
1.2E-6	2.9126369287262444E14
1.0E-6	2.968687027856724E14
