8.505622499821088E-4	8.3678224052929E13
7.088018749850907E-4	7.862291059900592E13
5.906682291542423E-4	7.345797326738544E13
4.92223524295202E-4	6.777938980110936E13
4.101862702460017E-4	6.2536575076514555E13
3.4182189187166806E-4	5.59966062978059E13
2.848515765597234E-4	4.973059787838514E13
2.373763137997695E-4	4.359491101038399E13
1.9781359483314126E-4	3.7219712162152766E13
1.6484466236095106E-4	3.1257449083377887E13
1.3737055196745923E-4	2.5464249188934613E13
1.1447545997288269E-4	1.9958803436250414E13
9.539621664406892E-5	1.5261196917819428E13
7.949684720339076E-5	1.1169200295670736E13
6.62473726694923E-5	7.781535327155089E12
5.520614389124359E-5	5.287894247628566E12
4.600511990936966E-5	3.2807344999570146E12
3.833759992447472E-5	1.9501033987152483E12
3.194799993706227E-5	1.030136265972662E12
2.6623333280885226E-5	5.0180270785539825E11
2.2186111067404355E-5	1.8288974551873523E11
1.848842588950363E-5	7.833097207724518E10
1.540702157458636E-5	2.0988183974468468E10
1.2839184645488632E-5	5.936685982210963E9
1.0699320537907193E-5	1.427772276357025E9
8.916100448255995E-6	1.4277720124074569E9
7.430083706879996E-6	17.319456248837188
6.1917364223999975E-6	14.481545348837594
5.159780351999998E-6	12.121981754228688
4.299816959999999E-6	10.085469446736248
3.583180799999999E-6	8.353392211022094
2.985983999999999E-6	6.983581628586782
2.4883199999999992E-6	5.875476336541661
2.0735999999999995E-6	4.820776937279114
1.7279999999999998E-6	4.037612790846638
1.44E-6	3.3449451149622207
1.2E-6	2.807020281749178
1.0E-6	2.3235571932823844
