0.009598705768327897	1.0537652498718969E14
0.00872609615302536	1.0505278488130389E14
0.00793281468456851	1.0396904298634739E14
0.007211649713244099	1.0386867156935588E14
0.006556045193858271	1.0400006105325895E14
0.005960041085325701	1.0366880229590208E14
0.005418219168477909	1.0249646565535016E14
0.004925653789525372	1.0142627191123208E14
0.004477867081386701	1.0158505331507412E14
0.004070788255806091	1.0108869605242602E14
0.0037007165961873557	9.9821871131271E13
0.0033642878147157776	9.86771122944532E13
0.003058443467923434	9.800085903247128E13
0.002780403152657667	9.740373425637312E13
0.0025276392296887883	9.615994561995869E13
0.0022978538451716257	9.542941567191584E13
0.002088958041065114	9.478393662136933E13
0.0018990527646046492	9.353066239868203E13
0.0017264116041860445	9.285899897808197E13
0.0015694650947145857	9.119898056873986E13
0.0014267864497405323	9.061792451975588E13
0.0012970785906732112	8.947614452968178E13
0.0011791623551574647	8.86014423842778E13
0.001071965777415877	8.677086912862127E13
9.745143431053425E-4	8.498481631593481E13
8.859221300957659E-4	8.343321770730742E13
8.053837546325144E-4	8.228891276035061E13
7.321670496659221E-4	8.017881648507375E13
6.656064087872019E-4	7.738562579871803E13
6.050967352610926E-4	7.598015710374802E13
5.500879411464478E-4	7.242433842101364E13
5.000799464967707E-4	7.077003627776962E13
4.5461813317888237E-4	6.860400067852184E13
4.132892119808021E-4	6.440177341366402E13
3.757174654370928E-4	6.164566989828562E13
3.4156133221553887E-4	5.897125569522114E13
3.105103020141262E-4	5.552440646825396E13
2.822820927401147E-4	5.236326252271387E13
2.5662008430919514E-4	4.802602675798513E13
2.332909857356319E-4	4.445322726382175E13
2.120827143051199E-4	4.138312313758577E13
1.9280246755010898E-4	3.7618736825494305E13
1.7527497050009907E-4	3.38102900114585E13
1.5934088227281733E-4	2.9619758395063926E13
1.4485534752074303E-4	2.64341958990425E13
1.3168667956431183E-4	2.368993565464021E13
1.1971516324028347E-4	1.99606091420616E13
1.0883196658207588E-4	1.7098535095271281E13
9.89381514382508E-5	1.3977851287909064E13
8.994377403477344E-5	1.179363892054106E13
8.176706730433949E-5	9.458145868696447E12
7.433369754939953E-5	7.601005589229761E12
6.757608868127229E-5	5.841452670851781E12
6.143280789206571E-5	4.3364336904663765E12
5.584800717460519E-5	3.2633042627383867E12
5.077091561327744E-5	2.2826449567536963E12
4.6155377830252214E-5	1.6538936497460144E12
4.195943439113837E-5	1.1759935920348223E12
3.8144940355580336E-5	7.735937524108704E11
3.467721850507303E-5	4.881384192177386E11
3.1524744095520936E-5	3.2218657465022614E11
2.865885826865539E-5	1.9145605610165546E11
2.6053507516959444E-5	1.0368549742762033E11
2.3685006833599493E-5	5.091050789428096E10
2.1531824394181356E-5	2.55150658340854E10
1.957438581289214E-5	1.3165888922690025E10
1.7794896193538308E-5	6.011678791251921E9
1.6177178357762097E-5	3.8990354910475254E9
1.4706525779783724E-5	107.57424461927604
1.3369568890712475E-5	57.37765920503108
1.2154153537011341E-5	7.460549568900117
1.1049230488192128E-5	6.809852418460012
1.004475498926557E-5	6.190774923576114
9.13159544478688E-6	5.627977204601051
8.30145040435171E-6	5.147563534232262
7.5467730948651894E-6	4.679603211180906
6.860702813513808E-6	4.2541847395308325
6.2370025577398244E-6	3.867440670262399
5.670002325218022E-6	3.5215663750855963
5.15454756838002E-6	3.2014239766328925
4.685952334890927E-6	2.910385431688738
4.25995666808266E-6	2.6458049394437353
3.872687880075145E-6	2.405277217428867
3.5206253455228583E-6	2.1866156534084107
3.200568495929871E-6	1.9878324116162884
2.9096077235726097E-6	1.7957183888630648
2.645097930520554E-6	1.6324712621154747
2.4046344822914125E-6	1.4840647850673683
2.1860313475376476E-6	1.3491498047515174
1.987301225034225E-6	1.2264998210011224
1.8066374773038408E-6	1.1149998379270472
1.6423977066398551E-6	1.0136362158004315
1.49308882421805E-6	0.9214874701827251
1.3573534765618636E-6	0.8377158811210366
1.2339577059653304E-6	0.7615598926816173
1.1217797326957547E-6	0.6923271739213019
1.0197997569961405E-6	0.6293883406733887
9.270906881783095E-7	0.5721712183862532
8.428097165257359E-7	0.5201556538165297
7.661906513870326E-7	0.4728687758265329
6.965369558063932E-7	0.429880705641497
6.332154143694483E-7	0.39080064080649257
5.756503766994984E-7	0.35527330983629263
5.233185242722712E-7	0.3229757367109774
4.75744112974792E-7	0.2936143059726051
4.324946481589018E-7	0.2669220965822673
3.9317695287172887E-7	0.24265645119518334
3.574335935197535E-7	0.22059677359970198
3.2493963047250317E-7	0.2005425217358144
2.9539966406591193E-7	0.18231138364194746
2.68545149150829E-7	0.16573762112852883
2.441319537734809E-7	0.15067056487350816
2.219381397940735E-7	0.1369732405603651
2.0176194526733952E-7	0.12452112804733337
1.8341995024303592E-7	0.11320102543839293
1.6674540931185083E-7	0.10291002291692761
1.5158673573804618E-7	0.09355456627548096
1.3780612339822378E-7	0.0850496056545554
1.2527829399838524E-7	0.07731782346794655
1.1388935818035021E-7	0.07028893036222669
1.0353578016395473E-7	0.06389902783460358
9.412343651268612E-8	0.05809002523236862
8.556676046607828E-8	0.05280911367695966
7.778796406007116E-8	0.0480082851302359
7.071633096370106E-8	0.04364389558154911
6.42875736033646E-8	0.03967626866383328
5.844324873033145E-8	0.036069335370346456
5.313022611848313E-8	0.03279030473756381
4.830020556225739E-8	0.029809368084221313
4.3909277783870354E-8	0.02709942547221306
3.991752525806396E-8	0.024635841361019532
3.6288659325512686E-8	0.02239621930113125
3.298969029592062E-8	0.02036019937937131
2.999062754174602E-8	0.018509272220465642
2.726420685613274E-8	0.016826611137248537
2.4785642596484307E-8	0.015296919094138765
2.2532402360440278E-8	0.013906290174354538
2.0484002145854796E-8	0.012642081984269958
1.8621820132595267E-8	0.011492801797448157
1.6928927393268423E-8	0.010448001585916484
1.5389933993880382E-8	0.009498183366024463
1.39908490853458E-8	0.008634712072787435
1.2718953713950727E-8	0.007849738175639498
1.156268519450066E-8	0.007136125628753975
1.05115319950006E-8	0.006487387061809174
9.555938177273272E-9	0.00589762453064326
8.687216524793883E-9	0.0053614768948675885
7.897469567994439E-9	0.004874069857909529
7.179517789085852E-9	0.004430972559272126
6.52683435371441E-9	0.004028156887335249
5.933485776104009E-9	0.003661960852879759
5.394077978276371E-9	0.0033290553287334728
4.903707252978519E-9	0.0030264139426919023
4.457915684525926E-9	0.002751285379825415
4.052650622296296E-9	0.0025011684860662656
3.684227838451178E-9	0.002273789588441724
3.349298034955616E-9	0.00206708143671489
3.0448163954141962E-9	0.0018791649473703382
2.7680149049219965E-9	0.0017083317563271205
2.5163771862927238E-9	0.0015530288693248431
2.287615623902476E-9	0.0014118443954312114
2.079650567184069E-9	0.0012834949011591862
1.89059142471279E-9	0.0011668135841173982
1.718719477011627E-9	0.0010607396281617917
1.5624722518287518E-9	9.643087471667108E-4
1.4204293198443197E-9	8.766442876396525E-4
1.2912993816766542E-9	7.969493897555713E-4
1.1739085287969582E-9	7.244994257069182E-4
1.0671895716335982E-9	6.586358352276714E-4
9.701723378487256E-10	5.987598620547108E-4
8.819748525897505E-10	5.443271232077316E-4
8.017953205361368E-10	4.948428570573414E-4
7.289048368510334E-10	4.498571361914379E-4
6.626407607736667E-10	4.0896102426765424E-4
6.024006916124242E-10	3.7178275745118156E-4
5.47636992374931E-10	3.3798431693954806E-4
4.978518112499372E-10	3.072584785665279E-4
4.5259255568176106E-10	2.793258946807583E-4
4.1144777789251E-10	2.5393263290892726E-4
3.7404343444773636E-10	2.3084785723476696E-4
3.400394858615785E-10	2.0986167467418725E-4
3.091268053287077E-10	1.9078335522581348E-4
2.8102436848064334E-10	1.7343939686177142E-4
2.5547669861876664E-10	1.5767218008162212E-4
2.3225154419887874E-10	1.4333835311812894E-4
2.111377674535261E-10	1.3030758280113664E-4
1.91943424957751E-10	1.1846143309779653E-4
1.7449402268886453E-10	1.0769223135748812E-4
1.5863092971714955E-10	9.790202693252901E-5
1.4420993610649958E-10	8.900183717633769E-5
1.3109994191499962E-10	8.091076232245982E-5
1.1918176537727237E-10	7.355524211547987E-5
1.0834705943388396E-10	6.686839826096965E-5
9.849732675807632E-11	6.0789455031959544E-5
8.954302432552392E-11	5.526314062663824E-5
8.140274938683992E-11	5.023921670332113E-5
7.400249944258174E-11	4.567201842390259E-5
6.727499949325612E-11	4.152001535328984E-5
6.115909044841465E-11	3.774546398591624E-5
5.559917313492241E-11	3.43140582933961E-5
5.0544702849929457E-11	3.119460090126547E-5
4.594972986357223E-11	2.8358729182443913E-5
4.1772481694156566E-11	2.5780659696505343E-5
3.7974983358324146E-11	2.3436966849876955E-5
3.452271214393104E-11	2.1306336239826013E-5
3.1384283767210034E-11	1.936939160326756E-5
2.8531167061100028E-11	1.76085377287398E-5
2.5937424601000022E-11	1.6007761700337415E-5
2.357947691000002E-11	1.4552507588677792E-5
2.1435888100000017E-11	1.3229555433749875E-5
1.9487171000000014E-11	1.202686947639381E-5
1.771561000000001E-11	1.0933518266772538E-5
1.6105100000000008E-11	9.939561195032803E-6
1.4641000000000006E-11	9.03596358148477E-6
1.3310000000000004E-11	8.21451586487713E-6
1.2100000000000002E-11	7.46774017524078E-6
1.1E-11	6.7888529476147105E-6
1.0E-11	6.171685879564038E-6
