0.009875629339197778	526128.7179317924
0.007408574147935318	459781.58159089566
0.005557820065967981	389023.2077197456
0.004169407401326318	315950.0510590895
0.0031278375103723317	245127.91659453127
0.0023464647489664903	170140.27649397153
0.0017602886338833387	105952.79865139602
0.0013205466120655204	57399.650110671944
9.90657623455004E-4	24143.715677786873
7.43179012344339E-4	8281.67754035251
5.575236401682964E-4	2213.6544210753336
4.182472919492096E-4	361.1553584790426
3.1376390993939206E-4	51.14028910590389
2.353817778990188E-4	7.617230844176289
1.7658047854390008E-4	7.76474759776212E-4
1.324684760269318E-4	5.818787653893237E-4
9.937620107046648E-5	4.361061824054489E-4
7.455078849997485E-5	3.273237048545953E-4
5.592707314326695E-5	2.4630846863143285E-4
4.195579380590169E-5	1.8522963646990672E-4
3.14747140329345E-5	1.370853857132221E-4
2.361193850932821E-5	1.0327436685136973E-4
1.7713382227553046E-5	7.789706784211902E-5
1.3288358760354873E-5	5.886298306260791E-5
9.9687612605813E-6	4.4042636074079566E-5
7.4784405555748695E-6	3.279880947286238E-5
5.610232974924883E-6	2.46739530485712E-5
4.208726912921893E-6	1.850798613809753E-5
3.157334518321E-6	1.3907892428747088E-5
2.368593037E-6	1.0479778724922442E-5
1.776889E-6	7.780881918827013E-6
1.333E-6	5.86133115813389E-6
1.0E-6	4.3932866964350784E-6
