0.006843264508857743	1.3263997072757095E14
0.00402544971109279	1.3395509600587867E14
0.0023679115947604647	1.3431886009795486E14
0.0013928891733885086	1.291929003293606E14
8.193465725814757E-4	1.1983141551748286E14
4.819685721067504E-4	1.0288535639163247E14
2.8351092476867673E-4	8.069779798186364E13
1.6677113221686866E-4	5.2284931694030695E13
9.810066600992275E-5	2.5505012755502793E13
5.770627412348397E-5	8.404249086855017E12
3.394486713146116E-5	1.508661969282035E12
1.9967568900859503E-5	1.0200838954664955E11
1.1745628765211474E-5	3.1873576416116037E9
6.909193391300867E-6	4.290176443166871
4.064231406647569E-6	2.527893997907585
2.3907243568515113E-6	1.4776076815432035
1.4063084452067714E-6	0.869180991939743
8.272402618863362E-7	0.5112829366360317
4.866119187566684E-7	0.30075466822311364
2.862423051509814E-7	0.1769145109907115
1.6837782655940084E-7	0.10406735940700479
9.904578032905932E-8	0.06121609428187198
5.8262223722976076E-8	0.03600946803799284
3.427189630763299E-8	0.02118203935210544
2.0159939004489993E-8	0.012460023343635185
1.1858787649699996E-8	0.0073294254268378035
6.975757440999998E-9	0.00431142652337093
4.103386729999999E-9	0.002536133498185957
2.4137568999999996E-9	0.0014918429487313783
1.4198569999999998E-9	8.775547079308879E-4
8.352099999999998E-10	5.162087466383943E-4
4.912999999999999E-10	3.0365214515176557E-4
2.89E-10	1.7861892198546754E-4
1.7E-10	1.0506992809517499E-4
1.0E-10	6.180584210948105E-5
