0.009875629339197778	376943.9874481372
0.007408574147935318	310330.15183249686
0.005557820065967981	239932.73615727946
0.004169407401326318	174505.97160408113
0.0031278375103723317	116602.96537852494
0.0023464647489664903	73761.51183239304
0.0017602886338833387	42559.93921139251
0.0013205466120655204	23604.93218853568
9.90657623455004E-4	11837.920911390698
7.43179012344339E-4	6054.89181850176
5.575236401682964E-4	2893.6696470587585
4.182472919492096E-4	1292.4954201964867
3.1376390993939206E-4	513.2712338013134
2.353817778990188E-4	138.2145807469937
1.7658047854390008E-4	26.896084863284933
1.324684760269318E-4	3.9684205741884737
9.937620107046648E-5	0.44118687113223926
7.455078849997485E-5	1.7209020862640135E-4
5.592707314326695E-5	1.3020978823150472E-4
4.195579380590169E-5	9.669862897100744E-5
3.14747140329345E-5	7.247027931691048E-5
2.361193850932821E-5	5.5238651180708777E-5
1.7713382227553046E-5	4.143971471065814E-5
1.3288358760354873E-5	3.1057010722278335E-5
9.9687612605813E-6	2.3075887284971582E-5
7.4784405555748695E-6	1.7362069696225358E-5
5.610232974924883E-6	1.2913815878710608E-5
4.208726912921893E-6	9.885289222956375E-6
3.157334518321E-6	7.399495207917212E-6
2.368593037E-6	5.509232326673328E-6
1.776889E-6	4.1360345570638466E-6
1.333E-6	3.111074625226428E-6
1.0E-6	2.3039486153104007E-6
