8.505622499821088E-4	1.3625538236193752E14
7.088018749850907E-4	1.3406922362177388E14
5.906682291542423E-4	1.3050362869704269E14
4.92223524295202E-4	1.2515007583641781E14
4.101862702460017E-4	1.1930073134596158E14
3.4182189187166806E-4	1.1174334266320806E14
2.848515765597234E-4	1.037652448727294E14
2.373763137997695E-4	9.419984790304331E13
1.9781359483314126E-4	8.349015356176342E13
1.6484466236095106E-4	7.297301837885681E13
1.3737055196745923E-4	6.159861577777435E13
1.1447545997288269E-4	5.1227649477528E13
9.539621664406892E-5	4.068580644339492E13
7.949684720339076E-5	3.1582401476797824E13
6.62473726694923E-5	2.2792425038022902E13
5.520614389124359E-5	1.6175223618721414E13
4.600511990936966E-5	1.0549715055423709E13
3.833759992447472E-5	6.788156291356144E12
3.194799993706227E-5	3.8875194313796416E12
2.6623333280885226E-5	2.1109805909486323E12
2.2186111067404355E-5	1.0478074468386924E12
1.848842588950363E-5	5.464235496038011E11
1.540702157458636E-5	1.8141088911415015E11
1.2839184645488632E-5	2.91553167644168E10
1.0699320537907193E-5	6.478960685381177E9
8.916100448255995E-6	5.401423535002063
7.430083706879996E-6	4.525550610466435
6.1917364223999975E-6	3.7726166952221853
5.159780351999998E-6	3.167260632494447
4.299816959999999E-6	2.6216185830340852
3.583180799999999E-6	2.1716190825379758
2.985983999999999E-6	1.8301826450935426
2.4883199999999992E-6	1.5190982383875355
2.0735999999999995E-6	1.2620744051529327
1.7279999999999998E-6	1.0538783229802426
1.44E-6	0.8819001209281861
1.2E-6	0.7326740532551518
1.0E-6	0.6109154767966276
