0.0881862940781451	693685.1081883847
0.07348857839845425	681372.2165022691
0.06124048199871188	656782.4851346719
0.05103373499892657	621849.46005747
0.04252811249910548	585232.4837232932
0.03544009374925457	536561.7732938663
0.02953341145771214	481982.35181653424
0.024611176214760118	434096.79732882016
0.0205093135123001	384266.49452087504
0.017091094593583416	344954.261899908
0.01424257882798618	298842.2569139515
0.011868815689988484	262319.0913807357
0.00989067974165707	225728.1260718404
0.00824223311804756	187908.14706305537
0.006868527598372966	158283.04616542032
0.005723772998644138	131157.83937129178
0.004769810832203449	104306.58716178409
0.003974842360169541	82176.35680724167
0.0033123686334746174	60579.86496262331
0.002760307194562181	41975.98130887059
0.0023002559954684843	27039.102525659364
0.001916879996223737	16752.087824142203
0.0015973999968531142	8843.346510579764
0.0013311666640442618	4500.768862014751
0.0011093055533702182	2048.974196118667
9.244212944751819E-4	743.4639490509809
7.703510787293183E-4	232.5952910200098
6.419592322744319E-4	72.51698837877376
5.3496602689536E-4	12.099037271497833
4.458050224128E-4	2.7171388286934475
3.71504185344E-4	0.36122043944841103
3.0958682112E-4	0.0016235036620496324
2.579890176E-4	0.0013470224478212259
2.14990848E-4	0.0011229535028012723
1.7915904E-4	9.333143035481833E-4
1.492992E-4	7.803410459501262E-4
1.24416E-4	6.479764450708129E-4
1.0368E-4	5.429829598448502E-4
8.64E-5	4.490916379998054E-4
7.2E-5	3.751307970071662E-4
6.0E-5	3.1169483513046885E-4
5.0E-5	2.5974492440717056E-4
