0.08801443169416692	90.28810804330956
0.06602733060327601	90.42620030860353
0.04953288117275019	89.4920197790324
0.03715895061721695	87.96861380032566
0.027876182008414813	82.09242290085002
0.020912364597460476	74.28779311038697
0.0156881954969696	62.95541258268371
0.011769088894950938	50.15107008752605
0.008829023927195003	36.98646967653408
0.006623423801346589	24.721745024442697
0.004968810053523323	14.572864832207463
0.0037275394249987417	7.308164518773442
0.0027963536571633473	2.833693406154412
0.002097789690295084	0.9582076102241243
0.0015737357016467248	0.23971569262292308
0.0011805969254664102	0.0366706093984884
8.856691113776522E-4	0.0055566555967837845
6.644179380177436E-4	0.002223263683878416
4.98438063029065E-4	0.0016822042108764045
3.7392202777874345E-4	0.001245918365750547
2.8051164874624417E-4	9.387500957047081E-4
2.1043634564609466E-4	7.066967523960526E-4
1.5786672591605E-4	5.292273262385555E-4
1.1842965185E-4	3.982608433989712E-4
8.884445000000001E-5	2.9572559930449285E-4
6.665000000000001E-5	2.230692030183075E-4
5.0E-5	1.666084612699691E-4
