2.848515765597234E-4	2.43853163642721E11
2.373763137997695E-4	1.9772051369096024E11
1.9781359483314126E-4	1.600780345615789E11
1.6484466236095106E-4	1.252248511455496E11
1.3737055196745923E-4	9.505454287544022E10
1.1447545997288269E-4	6.932712956433301E10
9.539621664406892E-5	4.627368822575658E10
7.949684720339076E-5	3.043516584856609E10
6.62473726694923E-5	1.8884125645914963E10
5.520614389124359E-5	1.0432254415362255E10
4.600511990936966E-5	5.583140688613462E9
3.833759992447472E-5	2.6691673909927444E9
3.194799993706227E-5	8.703710920274317E8
2.6623333280885226E-5	3.594327483357762E8
2.2186111067404355E-5	1.1227711822053923E8
1.848842588950363E-5	3.368513764023648E7
1.540702157458636E-5	2231.1123955093517
1.2839184645488632E-5	740.3315268875256
1.0699320537907193E-5	250.31860756275643
8.916100448255995E-6	78.89337632253564
7.430083706879996E-6	4.511125561565898
6.1917364223999975E-6	3.764734338898886
5.159780351999998E-6	3.1271315331849583
4.299816959999999E-6	2.6223892980237586
3.583180799999999E-6	2.196631688457881
2.985983999999999E-6	1.8172162366813198
2.4883199999999992E-6	1.5182090383853315
2.0735999999999995E-6	1.263442592310592
1.7279999999999998E-6	1.051728726779473
1.44E-6	0.8822200056366103
1.2E-6	0.7309016328553782
1.0E-6	0.6104931583840663
