0.09736850480227195	0.0693
0.08114042066855996	0.08241
0.06761701722379997	0.10109
0.056347514353166636	0.11803
0.0469562619609722	0.14072
0.03913021830081016	0.16441
0.03260851525067514	0.19396
0.02717376270889595	0.22897
0.02264480225741329	0.26872
0.01887066854784441	0.31121
0.015725557123203674	0.36563
0.013104630936003062	0.42253
0.010920525780002553	0.48909
0.009100438150002128	0.55403
0.007583698458335107	0.62502
0.006319748715279256	0.70244
0.005266457262732714	0.77729
0.004388714385610595	0.84726
0.0036572619880088295	0.90441
0.0030477183233406915	0.94461
0.0025397652694505763	0.97276
0.0021164710578754804	0.98935
0.0017637258815629004	0.99802
0.0014697715679690838	0.99998
0.0012248096399742365	1.0
0.0010206746999785305	1.0
8.505622499821088E-4	1.0
7.088018749850907E-4	1.0
5.906682291542423E-4	1.0
4.92223524295202E-4	1.0
4.101862702460017E-4	1.0
3.4182189187166806E-4	1.0
2.848515765597234E-4	1.0
2.373763137997695E-4	1.0
1.9781359483314126E-4	1.0
1.6484466236095106E-4	1.0
1.3737055196745923E-4	1.0
1.1447545997288269E-4	1.0
9.539621664406892E-5	1.0
7.949684720339076E-5	1.0
6.62473726694923E-5	1.0
5.520614389124359E-5	1.0
4.600511990936966E-5	1.0
3.833759992447472E-5	1.0
3.194799993706227E-5	1.0
2.6623333280885226E-5	1.0
2.2186111067404355E-5	1.0
1.848842588950363E-5	1.0
1.540702157458636E-5	1.0
1.2839184645488632E-5	1.0
1.0699320537907193E-5	1.0
8.916100448255995E-6	1.0
7.430083706879996E-6	1.0
6.1917364223999975E-6	1.0
5.159780351999998E-6	1.0
4.299816959999999E-6	1.0
3.583180799999999E-6	1.0
2.985983999999999E-6	1.0
2.4883199999999992E-6	1.0
2.0735999999999995E-6	1.0
1.7279999999999998E-6	1.0
1.44E-6	1.0
1.2E-6	1.0
1.0E-6	1.0
