0.000000100000  0.000000402816 
0.000000150000  0.000000598707 
0.000000225000  0.000000898712 
0.000000337500  0.000001346361 
0.000000506250  0.000002011401 
0.000000759375  0.000003032214 
0.000001139063  0.000004564284 
0.000001708594  0.000006848653 
0.000002562891  0.000010234616 
0.000003844336  0.000015286366 
0.000005766504  0.000022922618 
0.000008649756  0.000034563208 
0.000012974634  0.000052206221 
0.000019461951  0.000078354104 
0.000029192926  0.000116094374 
0.000043789389  0.000174653160 
0.000065684084  0.000264278726 
0.000098526125  0.000397681159 
0.000147789188  0.000589660653 
0.000221683782  0.000890285709 
0.000332525673  0.016421049456 
0.000498788510  0.268312961718 
0.000748182764  1.527934004569 
0.001122274146  4.913491638308 
0.001683411220  11.048262155369 
0.002525116829  20.204293632233 
0.003787675244  30.637917204731 
0.005681512866  42.936255563336 
0.008522269299  59.857733387624 
0.012783403949  82.854847472886 
0.019175105923  121.360665480434 
0.028762658885  172.895446485330 
0.043143988327  239.862282639907 
0.064715982491  306.384209307010 
0.097073973737  353.720649323556 
0.145610960605  385.927112563277 
