0.000000100000  0.234125967959 
0.000000150000  0.350476787480 
0.000000225000  0.524565445034 
0.000000337500  0.789720833715 
0.000000506250  1.183763448239 
0.000000759375  1.776868389033 
0.000001139063  2.647469898079 
0.000001708594  3.952731169766 
0.000002562891  6.034498436985 
0.000003844336  9.021209124851 
0.000005766504  13.385217919540 
0.000008649756  32305197.057100992650 
0.000012974634  905584076.826407551765 
0.000019461951  7566510317.411853790283 
0.000029192926  31943181192.570861816406 
0.000043789389  95187442260.999725341797 
0.000065684084  198986151737.117614746094 
0.000098526125  333647022483.587280273438 
0.000147789188  494890963865.928100585938 
0.000221683782  703193476216.816894531250 
0.000332525673  994387155019.780761718750 
0.000498788510  1416969913773.234375000000 
0.000748182764  2037898170182.938232421875 
0.001122274146  2923690311583.551757812500 
0.001683411220  4165089038645.234375000000 
0.002525116829  5909775646960.845703125000 
0.003787675244  8512287965885.208007812500 
0.005681512866  13385096611661.785156250000 
0.008522269299  23142184861374.976562500000 
0.012783403949  41096537825107.531250000000 
0.019175105923  66060344299329.953125000000 
0.028762658885  92419474340989.703125000000 
0.043143988327  116879806143534.406250000000 
0.064715982491  135483549293619.125000000000 
0.097073973737  144688693301286.125000000000 
0.145610960605  147382349240083.781250000000 
