0.000000100000  0.000000398931 
0.000000150000  0.000000598936 
0.000000225000  0.000000896695 
0.000000337500  0.000001342500 
0.000000506250  0.000002047414 
0.000000759375  0.000003044537 
0.000001139063  0.000004526505 
0.000001708594  0.000006815760 
0.000002562891  0.000010296740 
0.000003844336  0.000015302568 
0.000005766504  0.000022970103 
0.000008649756  0.000034847860 
0.000012974634  0.000051719619 
0.000019461951  0.000078239743 
0.000029192926  0.000117616780 
0.000043789389  0.000174708634 
0.000065684084  0.000264678567 
0.000098526125  0.000393861550 
0.000147789188  0.000586646539 
0.000221683782  1.764978807167 
0.000332525673  51.530302398012 
0.000498788510  623.418446992723 
0.000748182764  2731.075880245514 
0.001122274146  8608.681048886570 
0.001683411220  18990.963454807585 
0.002525116829  33867.097842053721 
0.003787675244  51517.322679444507 
0.005681512866  72769.799265151567 
0.008522269299  104141.208838389575 
0.012783403949  145154.583436947432 
0.019175105923  209186.319670383673 
0.028762658885  289040.160020762356 
0.043143988327  396150.381330753327 
0.064715982491  502340.215955227672 
0.097073973737  600521.530177404173 
0.145610960605  660384.930178606650 
