0.009875629339197778	470481.3446736783
0.007408574147935318	446842.96157622465
0.005557820065967981	416344.02032163634
0.004169407401326318	375783.9358160802
0.0031278375103723317	323695.2551956801
0.0023464647489664903	275006.50714380806
0.0017602886338833387	225637.55598424154
0.0013205466120655204	182574.09888474448
9.90657623455004E-4	146646.29916265473
7.43179012344339E-4	114560.69935685635
5.575236401682964E-4	87414.12675380446
4.182472919492096E-4	66957.85932970415
3.1376390993939206E-4	46727.88389980109
2.353817778990188E-4	31801.195343983443
1.7658047854390008E-4	19446.45143938288
1.324684760269318E-4	9467.180368644686
9.937620107046648E-5	3952.76129171292
7.455078849997485E-5	1080.932737180841
5.592707314326695E-5	177.4357622441004
4.195579380590169E-5	22.54513628831291
3.14747140329345E-5	0.17342506673716923
2.361193850932821E-5	0.04644174938593079
1.7713382227553046E-5	0.00799409778778878
1.3288358760354873E-5	0.00158391620678253
9.9687612605813E-6	1.0819802027418493E-4
7.4784405555748695E-6	8.031665235011263E-5
5.610232974924883E-6	6.033198037629257E-5
4.208726912921893E-6	4.552965945880646E-5
3.157334518321E-6	3.3852856333539696E-5
2.368593037E-6	2.5472244743728975E-5
1.776889E-6	1.9085817644597412E-5
1.333E-6	1.4313241018661309E-5
1.0E-6	1.0821262812620718E-5
