8.505622499821088E-4	1.5209130866268144E14
7.088018749850907E-4	1.516160594495435E14
5.906682291542423E-4	1.5286864585380022E14
4.92223524295202E-4	1.5417821254045266E14
4.101862702460017E-4	1.5431072306584247E14
3.4182189187166806E-4	1.5471154388404206E14
2.848515765597234E-4	1.563291198377571E14
2.373763137997695E-4	1.5551979675968422E14
1.9781359483314126E-4	1.5612493009494547E14
1.6484466236095106E-4	1.5585254685642847E14
1.3737055196745923E-4	1.5814292295932278E14
1.1447545997288269E-4	1.567803270792219E14
9.539621664406892E-5	1.5736917805639844E14
7.949684720339076E-5	1.5712086923012388E14
6.62473726694923E-5	1.5769862028932706E14
5.520614389124359E-5	1.5715003495520153E14
4.600511990936966E-5	1.5781987287117034E14
3.833759992447472E-5	1.5921721869940766E14
3.194799993706227E-5	1.577431484917564E14
2.6623333280885226E-5	1.5813461216719788E14
2.2186111067404355E-5	1.5743860156452166E14
1.848842588950363E-5	1.582982638474174E14
1.540702157458636E-5	1.59074741498466E14
1.2839184645488632E-5	1.5905305465517866E14
1.0699320537907193E-5	1.586255631568539E14
8.916100448255995E-6	1.577529775481369E14
7.430083706879996E-6	1.5852249432814528E14
6.1917364223999975E-6	1.581528542655006E14
5.159780351999998E-6	1.5821856528713012E14
4.299816959999999E-6	1.597585047506188E14
3.583180799999999E-6	1.5885153848376878E14
2.985983999999999E-6	1.594563012659876E14
2.4883199999999992E-6	1.593214732576933E14
2.0735999999999995E-6	1.6052928163219966E14
1.7279999999999998E-6	1.590334823283818E14
1.44E-6	1.6007718655771938E14
1.2E-6	1.59356701004223E14
1.0E-6	1.5918484838796684E14
