0.009598705768327897	1.0752244861355733E14

0.00793281468456851	1.0759104784129575E14

0.006556045193858271	1.084774022842918E14

0.005418219168477909	1.0755915518368342E14

0.004477867081386701	1.0748367136665281E14

0.0037007165961873557	1.073148095084219E14

0.003058443467923434	1.072329022228989E14

0.0025276392296887883	1.07164114051188E14

0.002088958041065114	1.0749107904910194E14

0.0017264116041860445	1.067879814689566E14

0.0014267864497405323	1.0751199430478967E14

0.0011791623551574647	1.0671392604944833E14

9.745143431053425E-4	1.0625893716500222E14

8.053837546325144E-4	1.0669169428236898E14

6.656064087872019E-4	1.0631979479222331E14

5.500879411464478E-4	1.059541593817947E14

4.5461813317888237E-4	1.0616588244493794E14

3.757174654370928E-4	1.053172575623068E14

3.105103020141262E-4	1.0529810297091923E14

2.5662008430919514E-4	1.0520158429035152E14

2.120827143051199E-4	1.0442301201773175E14

1.7527497050009907E-4	1.0403002114722417E14

1.4485534752074303E-4	1.0406923422848922E14

1.1971516324028347E-4	1.0320187837858536E14

9.89381514382508E-5	1.029198700248332E14

8.176706730433949E-5	1.0227208602935494E14

6.757608868127229E-5	1.0145910863266805E14

5.584800717460519E-5	1.0126697769230936E14

4.6155377830252214E-5	1.0007581631854033E14

3.8144940355580336E-5	9.94002692407298E13

3.1524744095520936E-5	9.878184068539498E13

2.6053507516959444E-5	9.76282051364956E13

2.1531824394181356E-5	9.686364719066144E13

1.7794896193538308E-5	9.642783791019173E13

1.4706525779783724E-5	9.579252208015302E13

1.2154153537011341E-5	9.494229526278594E13

1.004475498926557E-5	9.39715585498248E13

8.30145040435171E-6	9.337993597416078E13

6.860702813513808E-6	9.248646567849478E13

5.670002325218022E-6	9.204365973810473E13

4.685952334890927E-6	9.134401083824166E13

3.872687880075145E-6	9.12137118004613E13

3.200568495929871E-6	9.09377197024841E13

2.645097930520554E-6	9.042571336166748E13

2.1860313475376476E-6	9.077263582881656E13

1.8066374773038408E-6	9.061468220148372E13

1.49308882421805E-6	9.072502890340289E13

1.2339577059653304E-6	9.098384593119947E13

1.0197997569961405E-6	9.03528166830103E13

8.428097165257359E-7	9.120339605691675E13

6.965369558063932E-7	9.072492061310973E13

5.756503766994984E-7	9.109853324768102E13

4.75744112974792E-7	9.079934557107253E13

3.9317695287172887E-7	9.042709083068969E13

3.2493963047250317E-7	9.043784842622139E13

2.68545149150829E-7	9.05835171364203E13

2.219381397940735E-7	9.122142311160022E13

1.8341995024303592E-7	9.111183305384939E13

1.5158673573804618E-7	9.11043744998577E13

1.2527829399838524E-7	9.103267477943645E13

1.0353578016395473E-7	9.069462186153612E13

8.556676046607828E-8	9.040469241493622E13

7.071633096370106E-8	9.038095534965764E13

5.844324873033145E-8	9.028889804997592E13

4.830020556225739E-8	8.925614853675134E13

3.991752525806396E-8	8.813030721946436E13

3.298969029592062E-8	8.668346666157694E13

2.726420685613274E-8	8.499320911175555E13

2.2532402360440278E-8	8.324504421775522E13

1.8621820132595267E-8	8.100328013451019E13

1.5389933993880382E-8	7.904139416281514E13

1.2718953713950727E-8	7.66231152108518E13

1.05115319950006E-8	7.448915252606566E13

8.687216524793883E-9	7.240942367198355E13

7.179517789085852E-9	7.022514244035641E13

5.933485776104009E-9	6.79217367723868E13

4.903707252978519E-9	6.555819382103746E13

4.052650622296296E-9	6.306812655962634E13

3.349298034955616E-9	6.024272180856156E13

2.7680149049219965E-9	5.7015015923508836E13

2.287615623902476E-9	5.357555869407705E13

1.89059142471279E-9	4.943171875844197E13

1.5624722518287518E-9	4.528995825744702E13

1.2912993816766542E-9	4.091731785444186E13

1.0671895716335982E-9	3.624318232003016E13

8.819748525897505E-10	3.123047487824594E13

7.289048368510334E-10	2.6503460011705E13

6.024006916124242E-10	2.1856642640315996E13

4.978518112499372E-10	1.7435559833266803E13

4.1144777789251E-10	1.347675394796567E13

3.400394858615785E-10	9.869189671764012E12

2.8102436848064334E-10	6.887233436767763E12

2.3225154419887874E-10	4.499193976629955E12

1.91943424957751E-10	2.7751846687347417E12

1.5863092971714955E-10	1.5329665777639717E12

1.3109994191499962E-10	7.49506299958366E11

1.0834705943388396E-10	3.311862575300747E11

8.954302432552392E-11	1.293061808242109E11

7.400249944258174E-11	4.420775344580523E10

6.115909044841465E-11	6.361169132900615E9

5.0544702849929457E-11	2.1203897119274523E9

4.1772481694156566E-11	2.5810188317255787E-5

3.452271214393104E-11	2.1330734146411605E-5

2.8531167061100028E-11	1.7628705906163385E-5

2.357947691000002E-11	1.456917843480344E-5

1.9487171000000014E-11	1.204064333455639E-5

1.6105100000000008E-11	9.950944904609387E-6

1.3310000000000004E-11	8.223921408773836E-6

1.1E-11	6.796629263432031E-6

