2.848515765597234E-4	2.321451605889499E11
2.373763137997695E-4	1.9768655258750992E11
1.9781359483314126E-4	1.7381589589707242E11
1.6484466236095106E-4	1.5382369142464377E11
1.3737055196745923E-4	1.3602329206111012E11
1.1447545997288269E-4	1.2097798024535466E11
9.539621664406892E-5	1.0825387774220805E11
7.949684720339076E-5	9.869871755202426E10
6.62473726694923E-5	8.955161904140518E10
5.520614389124359E-5	8.308817575463832E10
4.600511990936966E-5	7.682765838749786E10
3.833759992447472E-5	7.185283740076242E10
3.194799993706227E-5	6.816111597672278E10
2.6623333280885226E-5	6.4118857940319176E10
2.2186111067404355E-5	6.147911538757547E10
1.848842588950363E-5	5.895170769602188E10
1.540702157458636E-5	5.628628412238056E10
1.2839184645488632E-5	5.4153621097020996E10
1.0699320537907193E-5	5.152681905940265E10
8.916100448255995E-6	4.88093985124126E10
7.430083706879996E-6	4.554271117761793E10
6.1917364223999975E-6	4.205503630230361E10
5.159780351999998E-6	3.8274516854503395E10
4.299816959999999E-6	3.4191285764851917E10
3.583180799999999E-6	3.015631789077335E10
2.985983999999999E-6	2.61973704771119E10
2.4883199999999992E-6	2.2558774740562492E10
2.0735999999999995E-6	1.9115318921524734E10
1.7279999999999998E-6	1.6209168527715586E10
1.44E-6	1.3608120094618675E10
1.2E-6	1.1457580501382141E10
1.0E-6	9.629437479116056E9
