0.08801443169416692	88.60319973152825
0.06602733060327601	88.28954072099457
0.04953288117275019	86.67987229638733
0.03715895061721695	84.90160120896708
0.027876182008414813	79.64009667002001
0.020912364597460476	72.13332871746519
0.0156881954969696	62.537932591619885
0.011769088894950938	51.95636890110436
0.008829023927195003	41.19439000125269
0.006623423801346589	31.927312010511642
0.004968810053523323	24.59501235859616
0.0037275394249987417	18.86992487764377
0.0027963536571633473	14.518877088160348
0.002097789690295084	11.38403851898675
0.0015737357016467248	8.875026305047104
0.0011805969254664102	7.027836832696495
8.856691113776522E-4	5.356595145612572
6.644179380177436E-4	3.8699639205798437
4.98438063029065E-4	2.618278506388784
3.7392202777874345E-4	1.5811552952911962
2.8051164874624417E-4	0.7953542375822089
2.1043634564609466E-4	0.3546215320910225
1.5786672591605E-4	0.116543317983329
1.1842965185E-4	0.02951490995312606
8.884445000000001E-5	0.00463785180270086
6.665000000000001E-5	3.260877744280885E-4
5.0E-5	2.45773822008982E-4
