8.505622499821088E-4	1.079963332121968E14
7.088018749850907E-4	1.0766216484836772E14
5.906682291542423E-4	1.0710928130271511E14
4.92223524295202E-4	1.0717190983280652E14
4.101862702460017E-4	1.0718507606138377E14
3.4182189187166806E-4	1.0657919585759495E14
2.848515765597234E-4	1.0636348533449684E14
2.373763137997695E-4	1.0644971981489628E14
1.9781359483314126E-4	1.0650064746034894E14
1.6484466236095106E-4	1.0606716373512136E14
1.3737055196745923E-4	1.054949772114665E14
1.1447545997288269E-4	1.0460645715689639E14
9.539621664406892E-5	1.0421860501159373E14
7.949684720339076E-5	1.0364575393220702E14
6.62473726694923E-5	1.0305588183683919E14
5.520614389124359E-5	1.0252990669355123E14
4.600511990936966E-5	1.0192753077420323E14
3.833759992447472E-5	1.0061172933214939E14
3.194799993706227E-5	1.0014390484615439E14
2.6623333280885226E-5	9.955130813533575E13
2.2186111067404355E-5	9.825782848531497E13
1.848842588950363E-5	9.704290234268008E13
1.540702157458636E-5	9.639058851520738E13
1.2839184645488632E-5	9.48089420760987E13
1.0699320537907193E-5	9.37188689506307E13
8.916100448255995E-6	9.272785452291103E13
7.430083706879996E-6	9.144200529729886E13
6.1917364223999975E-6	8.946214228234114E13
5.159780351999998E-6	8.821696592914838E13
4.299816959999999E-6	8.640242219076834E13
3.583180799999999E-6	8.473040598000856E13
2.985983999999999E-6	8.342198807836873E13
2.4883199999999992E-6	8.085186337631172E13
2.0735999999999995E-6	7.909921337647075E13
1.7279999999999998E-6	7.685234189458878E13
1.44E-6	7.372302668373311E13
1.2E-6	7.135232056964553E13
1.0E-6	6.791900371330616E13
