0.009875629339197778	553708.3359192889
0.007408574147935318	463674.59255824453
0.005557820065967981	355885.9262873545
0.004169407401326318	256147.05111326056
0.0031278375103723317	171076.9293966956
0.0023464647489664903	107929.96193203989
0.0017602886338833387	59047.068693937945
0.0013205466120655204	30380.34515830484
9.90657623455004E-4	14831.99574595074
7.43179012344339E-4	6654.31662830588
5.575236401682964E-4	3111.3349983827156
4.182472919492096E-4	1335.7341710392259
3.1376390993939206E-4	547.7983016036297
2.353817778990188E-4	151.12120690672415
1.7658047854390008E-4	37.01221349563941
1.324684760269318E-4	4.847364892540987
9.937620107046648E-5	0.8819928951786962
7.455078849997485E-5	6.211818019241061E-4
5.592707314326695E-5	4.6523754331240393E-4
4.195579380590169E-5	3.481221658910377E-4
3.14747140329345E-5	2.612350790297396E-4
2.361193850932821E-5	1.9429988532980333E-4
1.7713382227553046E-5	1.4663050356545027E-4
1.3288358760354873E-5	1.1026204720450538E-4
9.9687612605813E-6	8.317186920269773E-5
7.4784405555748695E-6	6.217354277197198E-5
5.610232974924883E-6	4.658459746951259E-5
4.208726912921893E-6	3.503121237364146E-5
3.157334518321E-6	2.6471692193528618E-5
2.368593037E-6	1.9754943556853514E-5
1.776889E-6	1.4822842329134353E-5
1.333E-6	1.1057112584439626E-5
1.0E-6	8.34249703632939E-6
