0.000000000500000 0.001170248735589
0.000000000850000 0.001952206253652
0.000000001445000 0.003383217679937
0.000000002456500 0.005822283990386
0.000000004176050 0.009500861144913
0.000000007099285 0.016422325360718
0.000000012068784 0.028017623516466
0.000000020516934 0.047480225852410
0.000000034878787 0.079620513962708
0.000000059293938 0.139989956197008
0.000000100799695 0.237311820354629
0.000000171359482 0.405873814490497
0.000000291311119 293509965784.954467773437500
0.000000495228902 5316798298755.019531250000000
0.000000841889133 19433695484083.781250000000000
0.000001431211526 45105289074822.046875000000000
0.000002433059594 78399843324931.640625000000000
0.000004136201309 109669837691738.718750000000000
0.000007031542226 143673456463177.718750000000000
0.000011953621784 177224891261215.968750000000000
0.000020321157033 191719969253153.406250000000000
0.000034545966957 203583548904339.218750000000000
0.000058728143826 225142953989936.000000000000000
0.000099837844504 229182058416220.531250000000000
0.000169724335657 234748954333003.531250000000000
0.000288531370617 236170542285580.593750000000000
0.000490503330050 240723069165773.062500000000000
0.000833855661084 239011637355996.218750000000000
0.001417554623843 245053799738777.906250000000000
0.002409842860534 248558065507298.718750000000000
0.004096732862907 247708355019596.593750000000000
0.006964445866943 248529476165379.218750000000000
0.011839557973802 250214666403823.656250000000000
