0.009875629339197778	556157.246969461
0.007408574147935318	460264.25358228135
0.005557820065967981	354983.38420169696
0.004169407401326318	260125.04554457925
0.0031278375103723317	174698.99420379833
0.0023464647489664903	106919.0561636305
0.0017602886338833387	60551.12195376757
0.0013205466120655204	30179.48243783939
9.90657623455004E-4	14709.733900151408
7.43179012344339E-4	6544.828445972019
5.575236401682964E-4	3042.1015374910717
4.182472919492096E-4	1392.4813885553128
3.1376390993939206E-4	526.7193814689498
2.353817778990188E-4	167.55647574366114
1.7658047854390008E-4	23.369628546031482
1.324684760269318E-4	3.9689873466584635
9.937620107046648E-5	0.4413145561270332
7.455078849997485E-5	2.9700593315521345E-4
5.592707314326695E-5	2.2263886542568477E-4
4.195579380590169E-5	1.6748739142361308E-4
3.14747140329345E-5	1.256447442797844E-4
2.361193850932821E-5	9.397688732260016E-5
1.7713382227553046E-5	7.160488860321267E-5
1.3288358760354873E-5	5.259431707927379E-5
9.9687612605813E-6	4.0049340210263765E-5
7.4784405555748695E-6	2.9689780317308287E-5
5.610232974924883E-6	2.242125070335326E-5
4.208726912921893E-6	1.6857877568893735E-5
3.157334518321E-6	1.2593756440845852E-5
2.368593037E-6	9.534475796090876E-6
1.776889E-6	7.110895676649497E-6
1.333E-6	5.299740959779702E-6
1.0E-6	3.9969044553534545E-6
