0.0881862940781451	723308.7830599365
0.07348857839845425	728325.4525324176
0.06124048199871188	723656.2591737136
0.05103373499892657	724313.3436295477
0.04252811249910548	723279.3687517266
0.03544009374925457	719861.6006809315
0.02953341145771214	720991.8579723558
0.024611176214760118	714193.2049011503
0.0205093135123001	697116.8651221627
0.017091094593583416	677159.4399535828
0.01424257882798618	647755.295728223
0.011868815689988484	607553.3695132605
0.00989067974165707	555100.8553442116
0.00824223311804756	493367.497347246
0.006868527598372966	428832.96217542235
0.005723772998644138	367195.64868665964
0.004769810832203449	303741.8313486672
0.003974842360169541	242878.87622750291
0.0033123686334746174	188458.4970562272
0.002760307194562181	143717.1406923658
0.0023002559954684843	104603.1219847257
0.001916879996223737	72336.27878765696
0.0015973999968531142	48606.33500033071
0.0013311666640442618	31059.47926432127
0.0011093055533702182	19464.01919537988
9.244212944751819E-4	12046.045136636558
7.703510787293183E-4	7538.854400229876
6.419592322744319E-4	4635.289462680462
5.3496602689536E-4	2658.9141045263937
4.458050224128E-4	1654.1580017586125
3.71504185344E-4	948.8272200082455
3.0958682112E-4	493.65175407819305
2.579890176E-4	230.13211221714198
2.14990848E-4	88.39321339466657
1.7915904E-4	41.44619800714918
1.492992E-4	9.701688562741237
1.24416E-4	2.645873024852396
1.0368E-4	4.161088387374638E-4
8.64E-5	3.460402369259251E-4
7.2E-5	2.894637334004472E-4
6.0E-5	2.4084028640332036E-4
5.0E-5	1.9772658117695244E-4
