0.009875629339197778	2.1366581070384026E7
0.007408574147935318	2.164716787450885E7
0.005557820065967981	2.1760740830105964E7
0.004169407401326318	2.1972350355976116E7
0.0031278375103723317	2.234928833844873E7
0.0023464647489664903	2.245633842970099E7
0.0017602886338833387	2.270398764307164E7
0.0013205466120655204	2.269705206720668E7
9.90657623455004E-4	2.2984497315293115E7
7.43179012344339E-4	2.297669538524193E7
5.575236401682964E-4	2.299390816393119E7
4.182472919492096E-4	2.3004900141566034E7
3.1376390993939206E-4	2.316623811209039E7
2.353817778990188E-4	2.3164586077821065E7
1.7658047854390008E-4	2.3223694136474296E7
1.324684760269318E-4	2.3238848606492303E7
9.937620107046648E-5	2.315752123362506E7
7.455078849997485E-5	2.316006031164487E7
5.592707314326695E-5	2.31798277552876E7
4.195579380590169E-5	2.3180129725500315E7
3.14747140329345E-5	2.326271882831488E7
2.361193850932821E-5	2.3310249879981305E7
1.7713382227553046E-5	2.3100847885907542E7
1.3288358760354873E-5	2.318675119830677E7
9.9687612605813E-6	2.3255846209374465E7
7.4784405555748695E-6	2.342109735628746E7
5.610232974924883E-6	2.322765651735836E7
4.208726912921893E-6	2.3130481492036637E7
3.157334518321E-6	2.333026071417382E7
2.368593037E-6	2.3206565105356976E7
1.776889E-6	2.322321003845411E7
1.333E-6	2.3216591072580524E7
1.0E-6	2.3283662678059082E7
