8.505622499821088E-4	2.421701142113832E14
7.088018749850907E-4	2.426387091728716E14
5.906682291542423E-4	2.425658620057304E14
4.92223524295202E-4	2.4224621044740988E14
4.101862702460017E-4	2.4323360564406328E14
3.4182189187166806E-4	2.4325612846158966E14
2.848515765597234E-4	2.4591715470626838E14
2.373763137997695E-4	2.4675545731458078E14
1.9781359483314126E-4	2.483000719233557E14
1.6484466236095106E-4	2.5015042405759062E14
1.3737055196745923E-4	2.509548775925298E14
1.1447545997288269E-4	2.5323007019961344E14
9.539621664406892E-5	2.547090506737904E14
7.949684720339076E-5	2.5784558277906697E14
6.62473726694923E-5	2.6065661584564653E14
5.520614389124359E-5	2.6258218030264806E14
4.600511990936966E-5	2.6660662881988653E14
3.833759992447472E-5	2.695664268725077E14
3.194799993706227E-5	2.734045937206485E14
2.6623333280885226E-5	2.770125028465898E14
2.2186111067404355E-5	2.8149174118444E14
1.848842588950363E-5	2.853183766794074E14
1.540702157458636E-5	2.8942854596395425E14
1.2839184645488632E-5	2.925537805392604E14
1.0699320537907193E-5	2.961555217938264E14
8.916100448255995E-6	2.985090608221127E14
7.430083706879996E-6	3.023504976235059E14
6.1917364223999975E-6	3.049167490504741E14
5.159780351999998E-6	3.0810890321521306E14
4.299816959999999E-6	3.11009212411869E14
3.583180799999999E-6	3.144870675947748E14
2.985983999999999E-6	3.175655126966031E14
2.4883199999999992E-6	3.2175505674560175E14
2.0735999999999995E-6	3.2527716373536E14
1.7279999999999998E-6	3.2847958089949544E14
1.44E-6	3.316912983106583E14
1.2E-6	3.350768662498399E14
1.0E-6	3.373222122662357E14
