0.08801443169416692	88.28151423837147
0.06602733060327601	87.44555316939734
0.04953288117275019	83.81391722849393
0.03715895061721695	78.61856572183872
0.027876182008414813	70.82633778942142
0.020912364597460476	61.23198294684959
0.0156881954969696	50.05192469170093
0.011769088894950938	39.468163181181254
0.008829023927195003	28.8486097103247
0.006623423801346589	20.015312689546658
0.004968810053523323	12.561111230035664
0.0037275394249987417	7.141901717385064
0.0027963536571633473	3.5430994750306333
0.002097789690295084	1.6776679881117087
0.0015737357016467248	0.6512248479965734
0.0011805969254664102	0.2120990260327042
8.856691113776522E-4	0.04993632868309358
6.644179380177436E-4	0.010047765711568908
4.98438063029065E-4	0.0019475673868969581
3.7392202777874345E-4	9.29852333339922E-4
2.8051164874624417E-4	6.977780613302989E-4
2.1043634564609466E-4	5.223440137330783E-4
1.5786672591605E-4	3.935799128157503E-4
1.1842965185E-4	2.9601451385298516E-4
8.884445000000001E-5	2.2198957533874826E-4
6.665000000000001E-5	1.6625491972000654E-4
5.0E-5	1.243372674223671E-4
