8.388608E-5	1.074674964523788E13
4.194304E-5	9.742298043256508E11
2.097152E-5	6.166015337106387E9
1.048576E-5	6.462624876301157
5.24288E-6	3.2562415650422327
2.62144E-6	1.6179208266481773
1.31072E-6	0.8089604133458091
6.5536E-7	0.404480206631868
3.2768E-7	0.20224010332418185
1.6384E-7	0.10112005167030305
8.192E-8	0.05056002583514656
4.096E-8	0.0252800129201331
2.048E-8	0.012640006459739138
1.024E-8	0.006320003229634928
5.12E-9	0.003160001613677285
2.56E-9	0.0015800008079091532
1.28E-9	7.900004044705781E-4
6.4E-10	3.950002001991763E-4
3.2E-10	1.9750010144848823E-4
1.6E-10	9.875005026649771E-5
8.0E-11	4.9375025654536384E-5
4.0E-11	2.4687512474990052E-5
2.0E-11	1.2343756318840432E-5
1.0E-11	6.171878395148693E-6
