0.0881862940781451	720964.116231072
0.07348857839845425	725476.8525305779
0.06124048199871188	723662.0861901463
0.05103373499892657	727562.7550102692
0.04252811249910548	723130.506238232
0.03544009374925457	717538.9524523129
0.02953341145771214	722959.5083630496
0.024611176214760118	712555.3523813115
0.0205093135123001	696875.2605473321
0.017091094593583416	677457.8652797961
0.01424257882798618	645839.3775798664
0.011868815689988484	602707.5984511848
0.00989067974165707	550145.0153390002
0.00824223311804756	485274.0836812527
0.006868527598372966	417483.5052688292
0.005723772998644138	355968.42880014237
0.004769810832203449	290577.21086059755
0.003974842360169541	230944.41174258996
0.0033123686334746174	175719.23909117896
0.002760307194562181	132901.07576471518
0.0023002559954684843	96291.42110620499
0.001916879996223737	65770.75771860605
0.0015973999968531142	44121.37789871458
0.0013311666640442618	27781.096313134036
0.0011093055533702182	17680.538341262756
9.244212944751819E-4	11087.839859901662
7.703510787293183E-4	7003.001990642998
6.419592322744319E-4	4300.278306184204
5.3496602689536E-4	2600.4136493280125
4.458050224128E-4	1567.4010145847583
3.71504185344E-4	909.6206724530454
3.0958682112E-4	472.06410903492275
2.579890176E-4	210.73072868828163
2.14990848E-4	82.65916276053414
1.7915904E-4	35.71373970334068
1.492992E-4	11.02326363126911
1.24416E-4	1.323042619749389
1.0368E-4	2.42176470177944E-4
8.64E-5	2.011116813957815E-4
7.2E-5	1.674686573175096E-4
6.0E-5	1.4061542271348216E-4
5.0E-5	1.1509155578160264E-4
