9.539621664406892E-5	9.320021931053839E14
7.949684720339076E-5	8.230500809630409E14
6.62473726694923E-5	6.995742048874532E14
5.520614389124359E-5	5.761633221290099E14
4.600511990936966E-5	4.556256300277193E14
3.833759992447472E-5	3.376086399956141E14
3.194799993706227E-5	2.4133238513130706E14
2.6623333280885226E-5	1.6175754459371966E14
2.2186111067404355E-5	1.0294940782395484E14
1.848842588950363E-5	6.187240612761988E13
1.540702157458636E-5	3.208508843339436E13
1.2839184645488632E-5	1.7833138435612926E13
1.0699320537907193E-5	8.089781933360527E12
8.916100448255995E-6	3.8106170194631304E12
7.430083706879996E-6	1.3201957539991414E12
6.1917364223999975E-6	3.572963020862602E11
5.159780351999998E-6	1.0895928246546913E11
4.299816959999999E-6	2.196218839621708E10
3.583180799999999E-6	1.0981094583307491E10
2.985983999999999E-6	1.8354616628889733
2.4883199999999992E-6	1.529551385740827
2.0735999999999995E-6	1.2746261547840096
1.7279999999999998E-6	1.0621884623200055
1.44E-6	0.8851570519333234
1.2E-6	0.7376308766111023
1.0E-6	0.6146923971759309
