0.06843264508857744	722101.3717859274
0.040254497110927906	726794.488219346
0.02367911594760465	721445.5960748387
0.01392889173388509	722968.2118788413
0.00819346572581476	723777.7379447158
0.004819685721067506	718736.6582176154
0.0028351092476867684	723704.6601179214
0.0016677113221686872	721913.5447905147
9.810066600992279E-4	720522.0920214421
5.770627412348399E-4	723562.2382640045
3.394486713146117E-4	712974.196989389
1.9967568900859512E-4	708495.8615858739
1.1745628765211478E-4	693755.8695348005
6.90919339130087E-5	684177.0521204832
4.064231406647571E-5	664546.6549439359
2.3907243568515122E-5	650169.4439415704
1.406308445206772E-5	621931.0095561992
8.272402618863365E-6	553840.1752669105
4.8661191875666855E-6	452612.3548813519
2.862423051509815E-6	347346.6612709585
1.6837782655940089E-6	260863.77861102734
9.904578032905935E-7	186681.5314807794
5.826222372297609E-7	128502.40744941315
3.4271896307632994E-7	87251.85695600465
2.0159939004489996E-7	54835.25543347348
1.1858787649699997E-7	27941.88719653131
6.975757440999998E-8	9747.219534696469
4.1033867299999994E-8	1768.301401020563
2.4137569E-8	131.7840168906067
1.4198569999999999E-8	2.799964022010821E-7
8.3521E-9	1.6470376600040725E-7
4.913E-9	9.68845682353301E-8
2.89E-9	5.699092249151016E-8
1.7000000000000001E-9	3.352407205376705E-8
1.0E-9	1.9720042384541246E-8
