0.06843264508857744	727367.8073362489
0.040254497110927906	720781.4729981285
0.02367911594760465	712472.6118325057
0.01392889173388509	645775.450977345
0.00819346572581476	492595.80315606075
0.004819685721067506	308166.0996226024
0.0028351092476867684	150789.28344503624
0.0016677113221686872	53252.19925524421
9.810066600992279E-4	14238.147595788836
5.770627412348399E-4	3481.539611949017
3.394486713146117E-4	710.117402342029
1.9967568900859512E-4	76.66306644152978
1.1745628765211478E-4	1.7634563147550464
6.90919339130087E-5	5.764436459751067E-4
4.064231406647571E-5	3.3768699401294137E-4
2.3907243568515122E-5	1.9939194714561337E-4
1.406308445206772E-5	1.1633254527009243E-4
8.272402618863365E-6	6.878180898361071E-5
4.8661191875666855E-6	4.0904424387769576E-5
2.862423051509815E-6	2.3752507312361532E-5
1.6837782655940089E-6	1.3972063124931012E-5
9.904578032905935E-7	8.218860661826297E-6
5.826222372297609E-7	4.834623918182827E-6
3.4271896307632994E-7	2.8438964227883936E-6
2.0159939004489996E-7	1.6728802488313603E-6
1.1858787649699997E-7	9.840472048953904E-7
6.975757440999998E-8	5.788512969997492E-7
4.1033867299999994E-8	3.405007629281561E-7
2.4137569E-8	2.002945663734978E-7
1.4198569999999999E-8	1.1782033327443588E-7
8.3521E-9	6.930607836092814E-8
4.913E-9	4.0768281371783326E-8
2.89E-9	2.398134197150319E-8
1.7000000000000001E-9	1.4106671764013588E-8
1.0E-9	8.29804223583862E-9
