0.06843264508857744	722494.969472423
0.040254497110927906	726412.8753059112
0.02367911594760465	718644.3390156659
0.01392889173388509	718497.3925797115
0.00819346572581476	720099.1960963513
0.004819685721067506	715469.1386161906
0.0028351092476867684	712704.7200561729
0.0016677113221686872	711988.1132086465
9.810066600992279E-4	702188.4119365906
5.770627412348399E-4	705479.5907563985
3.394486713146117E-4	693654.1807359391
1.9967568900859512E-4	692196.4827577098
1.1745628765211478E-4	683217.2134524075
6.90919339130087E-5	683195.099188484
4.064231406647571E-5	680510.3224427721
2.3907243568515122E-5	676926.0878572678
1.406308445206772E-5	671581.9512078864
8.272402618863365E-6	662479.3871122503
4.8661191875666855E-6	647966.07087782
2.862423051509815E-6	656646.5281435682
1.6837782655940089E-6	675338.3104314316
9.904578032905935E-7	674184.0517785551
5.826222372297609E-7	613574.6709907942
3.4271896307632994E-7	479895.44643624465
2.0159939004489996E-7	311707.97196954273
1.1858787649699997E-7	158420.77126601324
6.975757440999998E-8	55211.170630738605
4.1033867299999994E-8	9968.009122076548
2.4137569E-8	706.0286590397174
1.4198569999999999E-8	2.4290712259960524E-7
8.3521E-9	1.428865427056902E-7
4.913E-9	8.405090747437253E-8
2.89E-9	4.94417102787534E-8
1.7000000000000001E-9	2.908335898763969E-8
1.0E-9	1.7107858228025244E-8
