0.009598705768327897	4.774057140003353E13
0.00872609615302536	4.763019353063985E13
0.00793281468456851	4.757085550041319E13
0.007211649713244099	4.730326646510955E13
0.006556045193858271	4.717931101035418E13
0.005960041085325701	4.725417147739161E13
0.005418219168477909	4.7057212545963055E13
0.004925653789525372	4.6890710095610805E13
0.004477867081386701	4.681677058047958E13
0.004070788255806091	4.6697242093670766E13
0.0037007165961873557	4.67311774969753E13
0.0033642878147157776	4.60248601227958E13
0.003058443467923434	4.543693019984068E13
0.002780403152657667	4.5291219972779336E13
0.0025276392296887883	4.500272746968292E13
0.0022978538451716257	4.4371563136746586E13
0.002088958041065114	4.379864169654394E13
0.0018990527646046492	4.291006800815725E13
0.0017264116041860445	4.249179767558437E13
0.0015694650947145857	4.1794189222548516E13
0.0014267864497405323	4.110531548037198E13
0.0012970785906732112	4.0328421652871695E13
0.0011791623551574647	3.951955563967101E13
0.001071965777415877	3.8595974610107734E13
9.745143431053425E-4	3.796444795769136E13
8.859221300957659E-4	3.696900950738597E13
8.053837546325144E-4	3.646139945407925E13
7.321670496659221E-4	3.559333327510808E13
6.656064087872019E-4	3.4798437651899043E13
6.050967352610926E-4	3.42590352625812E13
5.500879411464478E-4	3.3451094396298117E13
5.000799464967707E-4	3.302563174009798E13
4.5461813317888237E-4	3.2726807939304816E13
4.132892119808021E-4	3.22333880607845E13
3.757174654370928E-4	3.1534430744939332E13
3.4156133221553887E-4	3.1022816534461297E13
3.105103020141262E-4	3.063233178456418E13
2.822820927401147E-4	2.9957525866733484E13
2.5662008430919514E-4	2.9019692643018836E13
2.332909857356319E-4	2.8258233852582246E13
2.120827143051199E-4	2.749496429300063E13
1.9280246755010898E-4	2.642177446688677E13
1.7527497050009907E-4	2.5283639662673516E13
1.5934088227281733E-4	2.439137529526497E13
1.4485534752074303E-4	2.3189517704022664E13
1.3168667956431183E-4	2.221475588350076E13
1.1971516324028347E-4	2.1007283268100895E13
1.0883196658207588E-4	1.9974188334062996E13
9.89381514382508E-5	1.8626647271091168E13
8.994377403477344E-5	1.747862610146271E13
8.176706730433949E-5	1.6548364800706326E13
7.433369754939953E-5	1.565852820107744E13
6.757608868127229E-5	1.4722250695115098E13
6.143280789206571E-5	1.4000601599567916E13
5.584800717460519E-5	1.3356176592085816E13
5.077091561327744E-5	1.274649649272801E13
4.6155377830252214E-5	1.2366095331475088E13
4.195943439113837E-5	1.1915280709577775E13
3.8144940355580336E-5	1.154383806850375E13
3.467721850507303E-5	1.1255824761026758E13
3.1524744095520936E-5	1.0916951516142072E13
2.865885826865539E-5	1.0667911775080438E13
2.6053507516959444E-5	1.047395232833032E13
2.3685006833599493E-5	1.014911717342788E13
2.1531824394181356E-5	9.834121243054727E12
1.957438581289214E-5	9.459348378463396E12
1.7794896193538308E-5	9.151226611282186E12
1.6177178357762097E-5	8.790576178401156E12
1.4706525779783724E-5	8.397643344665145E12
1.3369568890712475E-5	8.00209301345644E12
1.2154153537011341E-5	7.575702821731985E12
1.1049230488192128E-5	7.192455141025363E12
1.004475498926557E-5	6.736240662836538E12
9.13159544478688E-6	6.301092936542109E12
8.30145040435171E-6	5.86224530748163E12
7.5467730948651894E-6	5.455848787581195E12
6.860702813513808E-6	5.094135900126607E12
6.2370025577398244E-6	4.723224354421879E12
5.670002325218022E-6	4.3661918524739775E12
5.15454756838002E-6	4.034291399042631E12
4.685952334890927E-6	3.731846330828034E12
4.25995666808266E-6	3.4520468427810283E12
3.872687880075145E-6	3.1779118741882017E12
3.5206253455228583E-6	2.9342386002605107E12
3.200568495929871E-6	2.7191171215467686E12
2.9096077235726097E-6	2.5190907987502495E12
2.645097930520554E-6	2.321488622035244E12
2.4046344822914125E-6	2.1365619189429536E12
2.1860313475376476E-6	1.95942607846948E12
1.987301225034225E-6	1.7884161615207278E12
1.8066374773038408E-6	1.616211645125741E12
1.6423977066398551E-6	1.4513660754518296E12
1.49308882421805E-6	1.298427399407429E12
1.3573534765618636E-6	1.1493326710107131E12
1.2339577059653304E-6	1.0088057713872565E12
1.1217797326957547E-6	8.740639861822255E11
1.0197997569961405E-6	7.481097125970492E11
9.270906881783095E-7	6.310161794645679E11
8.428097165257359E-7	5.265913061304543E11
7.661906513870326E-7	4.31393316005939E11
6.965369558063932E-7	3.5076794134459937E11
6.332154143694483E-7	2.792229939780647E11
5.756503766994984E-7	2.1573326281966708E11
5.233185242722712E-7	1.6337437307536847E11
4.75744112974792E-7	1.2112111717790048E11
4.324946481589018E-7	8.816797058536166E10
3.9317695287172887E-7	6.239128745259836E10
3.574335935197535E-7	4.1740649852734436E10
3.2493963047250317E-7	2.775387056458087E10
2.9539966406591193E-7	1.7501781171821793E10
2.68545149150829E-7	9.446568118152302E9
2.441319537734809E-7	5.565419823019028E9
2.219381397940735E-7	2.7094807775813746E9
2.0176194526733952E-7	1.0252088128837513E9
1.8341995024303592E-7	5.1260439495055646E8
1.6674540931185083E-7	3.6614595372858256E8
1.5158673573804618E-7	1.4645836956477025E8
1.3780612339822378E-7	1.4645836376497495E8
1.2527829399838524E-7	7.322919196682295E7
1.1388935818035021E-7	7.322918872746943E7
1.0353578016395473E-7	7.32291856400438E7
9.412343651268612E-8	0.2191695108845318
8.556676046607828E-8	0.1992450098950328
7.778796406007116E-8	0.18113182717729967
7.071633096370106E-8	0.16466529743391187
6.42875736033646E-8	0.1496957249399196
5.844324873033145E-8	0.13608702267265532
5.313022611848313E-8	0.12371547515695556
4.830020556225739E-8	0.11246861377905264
4.3909277783870354E-8	0.10224419434459263
3.991752525806396E-8	0.0929492675859922
3.6288659325512686E-8	0.0844993341690844
3.298969029592062E-8	0.07681757651734761
2.999062754174602E-8	0.06983416047031746
2.726420685613274E-8	0.06348560042756153
2.4785642596484307E-8	0.057714182206874416
2.2532402360440278E-8	0.05246743836988655
2.0484002145854796E-8	0.047697671245349536
1.8621820132595267E-8	0.04336151931395657
1.6928927393268423E-8	0.03941956301268578
1.5389933993880382E-8	0.03583596637516795
1.39908490853458E-8	0.0325781512501543
1.2718953713950727E-8	0.029616501136503402
1.156268519450066E-8	0.02692409194227604
1.05115319950006E-8	0.024476447220250615
9.555938177273272E-9	0.022251315654773698
8.687216524793883E-9	0.02022846877706695
7.897469567994439E-9	0.01838951707006021
7.179517789085852E-9	0.01671774279096425
6.52683435371441E-9	0.015197947991785551
5.933485776104009E-9	0.013816316356168765
5.394077978276371E-9	0.012560287596516593
4.903707252978519E-9	0.011418443269560562
4.457915684525926E-9	0.010380402972328269
4.052650622296296E-9	0.00943672997484416
3.684227838451178E-9	0.008578845431676743
3.349298034955616E-9	0.007798950392432687
3.0448163954141962E-9	0.007089954902211854
2.7680149049219965E-9	0.006445413547464938
2.5163771862927238E-9	0.005859466861331468
2.287615623902476E-9	0.005326788055755963
2.079650567184069E-9	0.004842534596142008
1.89059142471279E-9	0.004402304178310881
1.718719477011627E-9	0.004002094707555076
1.5624722518287518E-9	0.0036382679159595375
1.4204293198443197E-9	0.0033075162872362044
1.2912993816766542E-9	0.0030068329883964216
1.1739085287969582E-9	0.0027334845349055487
1.0671895716335982E-9	0.0024849859408230335
9.701723378487256E-10	0.0022590781280211213
8.819748525897505E-10	0.0020537073891103313
8.017953205361368E-10	0.0018670067173726663
7.289048368510334E-10	0.0016972788339753287
6.626407607736667E-10	0.0015429807581594525
6.024006916124242E-10	0.0014027097801447314
5.47636992374931E-10	0.0012751907092225679
4.978518112499372E-10	0.0011592642811112525
4.5259255568176106E-10	0.001053876619192226
4.1144777789251E-10	9.580696538111366E-4
3.7404343444773636E-10	8.70972412555632E-4
3.400394858615785E-10	7.917931023232788E-4
3.091268053287077E-10	7.198119112029362E-4
2.8102436848064334E-10	6.54374464729981E-4
2.5547669861876664E-10	5.94885877027246E-4
2.3225154419887874E-10	5.408053427521636E-4
2.111377674535261E-10	4.91641220683592E-4
1.91943424957751E-10	4.4694656425790054E-4
1.7449402268886453E-10	4.0631505841627944E-4
1.5863092971714955E-10	3.693773258329593E-4
1.4420993610649958E-10	3.357975689389454E-4
1.3109994191499962E-10	3.052705172173286E-4
1.1918176537727237E-10	2.775186520157186E-4
1.0834705943388396E-10	2.522896836506329E-4
9.849732675807632E-11	2.2935425786421078E-4
8.954302432552392E-11	2.085038707856698E-4
8.140274938683992E-11	1.8954897344148933E-4
7.400249944258174E-11	1.723172485832377E-4
6.727499949325612E-11	1.5665204416652403E-4
6.115909044841465E-11	1.4241094924232777E-4
5.559917313492241E-11	1.2946449931113514E-4
5.0544702849929457E-11	1.176949993737951E-4
4.594972986357223E-11	1.0699545397614976E-4
4.1772481694156566E-11	9.72685945237867E-5
3.7974983358324146E-11	8.842599502154938E-5
3.452271214393104E-11	8.038726820148516E-5
3.1384283767210034E-11	7.307933472864791E-5
2.8531167061100028E-11	6.643575884418677E-5
2.5937424601000022E-11	6.0396144403818156E-5
2.357947691000002E-11	5.4905585821644684E-5
2.1435888100000017E-11	4.991416892876528E-5
1.9487171000000014E-11	4.537651720796807E-5
1.771561000000001E-11	4.125137927995197E-5
1.6105100000000008E-11	3.750125389091373E-5
1.4641000000000006E-11	3.409204899171807E-5
1.3310000000000004E-11	3.099277181063874E-5
1.2100000000000002E-11	2.817524710060395E-5
1.1E-11	2.561386100054874E-5
1.0E-11	2.3285328182309502E-5
