0.06843264508857744	728442.5096586967
0.040254497110927906	721391.497427478
0.02367911594760465	712594.5023325722
0.01392889173388509	645775.8081184932
0.00819346572581476	492600.5919018118
0.004819685721067506	308174.82448392996
0.0028351092476867684	150800.46364480557
0.0016677113221686872	53261.136431828505
9.810066600992279E-4	14243.100090770142
5.770627412348399E-4	3483.5639310661286
3.394486713146117E-4	710.6238294698719
1.9967568900859512E-4	76.72317732668785
1.1745628765211478E-4	1.764509423714126
6.90919339130087E-5	2.764267692766167E-4
4.064231406647571E-5	1.6141132730448145E-4
2.3907243568515122E-5	9.601826646231622E-5
1.406308445206772E-5	5.610627714137821E-5
8.272402618863365E-6	3.311591826960289E-5
4.8661191875666855E-6	1.9311168416536202E-5
2.862423051509815E-6	1.1480169784900666E-5
1.6837782655940089E-6	6.7530410499410076E-6
9.904578032905935E-7	3.972377088200421E-6
5.826222372297609E-7	2.3366924048239322E-6
3.4271896307632994E-7	1.3745249440140686E-6
2.0159939004489996E-7	8.085440847143113E-7
1.1858787649699997E-7	4.756141674790005E-7
6.975757440999998E-8	2.797730396935306E-7
4.1033867299999994E-8	1.6457237629031275E-7
2.4137569E-8	9.680728017067449E-8
1.4198569999999999E-8	5.694545892395557E-8
8.3521E-9	3.3497328778845965E-8
4.913E-9	1.9704311046326418E-8
2.89E-9	1.159077120374371E-8
1.7000000000000001E-9	6.818100708071231E-9
1.0E-9	4.010647475341769E-9
