0.06843264508857744	727734.8681512765
0.040254497110927906	723725.0111974365
0.02367911594760465	712562.1488228488
0.01392889173388509	642030.8095418955
0.00819346572581476	486543.59220516164
0.004819685721067506	295885.0800740068
0.0028351092476867684	140977.9497198107
0.0016677113221686872	48107.308034598085
9.810066600992279E-4	12742.930201905941
5.770627412348399E-4	3289.119977548491
3.394486713146117E-4	669.3034521350769
1.9967568900859512E-4	71.42797932803231
1.1745628765211478E-4	1.3231095706640565
6.90919339130087E-5	1.614788462880285E-4
4.064231406647571E-5	9.381714138374519E-5
2.3907243568515122E-5	5.5483137517167545E-5
1.406308445206772E-5	3.250674547967523E-5
8.272402618863365E-6	1.9318613287918852E-5
4.8661191875666855E-6	1.127880504129194E-5
2.862423051509815E-6	6.7199063937889346E-6
1.6837782655940089E-6	3.9528891325860145E-6
9.904578032905935E-7	2.325232436969187E-6
5.826222372297609E-7	1.3677793527194439E-6
3.4271896307632994E-7	8.045756940584299E-7
2.0159939004489996E-7	4.7327696575271706E-7
1.1858787649699997E-7	2.783988387961101E-7
6.975757440999998E-8	1.6376490427205555E-7
4.1033867299999994E-8	9.633258574837171E-8
2.4137569E-8	5.666597425851605E-8
1.4198569999999999E-8	3.333284126953083E-8
8.3521E-9	1.9607639819238792E-8
4.913E-9	1.153420158975403E-8
2.89E-9	6.784679009218496E-9
1.7000000000000001E-9	3.99114088447876E-9
1.0E-9	2.3480859391561492E-9
