0.009598705768327897	1.0752244861355733E14
0.00872609615302536	1.0751915839065772E14
0.00793281468456851	1.0759104784129575E14
0.007211649713244099	1.0743298532388522E14
0.006556045193858271	1.084774022842918E14
0.005960041085325701	1.0782068269480294E14
0.005418219168477909	1.0755915518368342E14
0.004925653789525372	1.0719246305629681E14
0.004477867081386701	1.0748367136665281E14
0.004070788255806091	1.0758138724181425E14
0.0037007165961873557	1.073148095084219E14
0.0033642878147157776	1.0747532449796666E14
0.003058443467923434	1.072329022228989E14
0.002780403152657667	1.0761840685012564E14
0.0025276392296887883	1.07164114051188E14
0.0022978538451716257	1.0709273484915861E14
0.002088958041065114	1.0749107904910194E14
0.0018990527646046492	1.0680535762885622E14
0.0017264116041860445	1.067879814689566E14
0.0015694650947145857	1.0712581588653631E14
0.0014267864497405323	1.0751199430478967E14
0.0012970785906732112	1.0623155719303938E14
0.0011791623551574647	1.0671392604944833E14
0.001071965777415877	1.0704940989936808E14
9.745143431053425E-4	1.0625893716500222E14
8.859221300957659E-4	1.0665655231200245E14
8.053837546325144E-4	1.0669169428236898E14
7.321670496659221E-4	1.0627111719273444E14
6.656064087872019E-4	1.0631979479222331E14
6.050967352610926E-4	1.0591072346402125E14
5.500879411464478E-4	1.059541593817947E14
5.000799464967707E-4	1.0535054567378373E14
4.5461813317888237E-4	1.0616588244493794E14
4.132892119808021E-4	1.0522937212343272E14
3.757174654370928E-4	1.053172575623068E14
3.4156133221553887E-4	1.0578541605076381E14
3.105103020141262E-4	1.0529810297091923E14
2.822820927401147E-4	1.053432570701503E14
2.5662008430919514E-4	1.0520158429035152E14
2.332909857356319E-4	1.0506104991718666E14
2.120827143051199E-4	1.0442301201773175E14
1.9280246755010898E-4	1.041121820994602E14
1.7527497050009907E-4	1.0403002114722417E14
1.5934088227281733E-4	1.0311629102883478E14
1.4485534752074303E-4	1.0406923422848922E14
1.3168667956431183E-4	1.0342118371415394E14
1.1971516324028347E-4	1.0320187837858536E14
1.0883196658207588E-4	1.0365161322662922E14
9.89381514382508E-5	1.029198700248332E14
8.994377403477344E-5	1.0201475608877864E14
8.176706730433949E-5	1.0227208602935494E14
7.433369754939953E-5	1.020793526446757E14
6.757608868127229E-5	1.0145910863266805E14
6.143280789206571E-5	1.0083891945135597E14
5.584800717460519E-5	1.0126697769230936E14
5.077091561327744E-5	1.002988344788972E14
4.6155377830252214E-5	1.0007581631854033E14
4.195943439113837E-5	9.962307646256369E13
3.8144940355580336E-5	9.94002692407298E13
3.467721850507303E-5	9.958804851911745E13
3.1524744095520936E-5	9.878184068539498E13
2.865885826865539E-5	9.844973815423089E13
2.6053507516959444E-5	9.76282051364956E13
2.3685006833599493E-5	9.790824709646733E13
2.1531824394181356E-5	9.686364719066144E13
1.957438581289214E-5	9.649168920344925E13
1.7794896193538308E-5	9.642783791019173E13
1.6177178357762097E-5	9.580408765233789E13
1.4706525779783724E-5	9.579252208015302E13
1.3369568890712475E-5	9.552094197143167E13
1.2154153537011341E-5	9.494229526278594E13
1.1049230488192128E-5	9.431913474949264E13
1.004475498926557E-5	9.39715585498248E13
9.13159544478688E-6	9.352319920014081E13
8.30145040435171E-6	9.337993597416078E13
7.5467730948651894E-6	9.295952951772145E13
6.860702813513808E-6	9.248646567849478E13
6.2370025577398244E-6	9.248195087992169E13
5.670002325218022E-6	9.204365973810473E13
5.15454756838002E-6	9.168425200490795E13
4.685952334890927E-6	9.134401083824166E13
4.25995666808266E-6	9.155620845902673E13
3.872687880075145E-6	9.12137118004613E13
3.5206253455228583E-6	9.12882460723901E13
3.200568495929871E-6	9.09377197024841E13
2.9096077235726097E-6	9.103613353949316E13
2.645097930520554E-6	9.042571336166748E13
2.4046344822914125E-6	9.119774798348095E13
2.1860313475376476E-6	9.077263582881656E13
1.987301225034225E-6	9.136157416670403E13
1.8066374773038408E-6	9.061468220148372E13
1.6423977066398551E-6	9.109441338045839E13
1.49308882421805E-6	9.072502890340289E13
1.3573534765618636E-6	9.058605586647681E13
1.2339577059653304E-6	9.098384593119947E13
1.1217797326957547E-6	9.041876681200264E13
1.0197997569961405E-6	9.03528166830103E13
9.270906881783095E-7	9.041642219985633E13
8.428097165257359E-7	9.120339605691675E13
7.661906513870326E-7	9.106513820353036E13
6.965369558063932E-7	9.072492061310973E13
6.332154143694483E-7	9.08562858259924E13
5.756503766994984E-7	9.109853324768102E13
5.233185242722712E-7	9.12152326689678E13
4.75744112974792E-7	9.079934557107253E13
4.324946481589018E-7	9.067889891425031E13
3.9317695287172887E-7	9.042709083068969E13
3.574335935197535E-7	9.03193551757689E13
3.2493963047250317E-7	9.043784842622139E13
2.9539966406591193E-7	9.07738381874945E13
2.68545149150829E-7	9.05835171364203E13
2.441319537734809E-7	9.068909067165944E13
2.219381397940735E-7	9.122142311160022E13
2.0176194526733952E-7	9.09779284397689E13
1.8341995024303592E-7	9.111183305384939E13
1.6674540931185083E-7	9.09175332520974E13
1.5158673573804618E-7	9.11043744998577E13
1.3780612339822378E-7	9.118143999469727E13
1.2527829399838524E-7	9.103267477943645E13
1.1388935818035021E-7	9.098328429991836E13
1.0353578016395473E-7	9.069462186153612E13
9.412343651268612E-8	9.05401454259154E13
8.556676046607828E-8	9.040469241493622E13
7.778796406007116E-8	9.039340953200984E13
7.071633096370106E-8	9.038095534965764E13
6.42875736033646E-8	9.028806158164008E13
5.844324873033145E-8	9.028889804997592E13
5.313022611848313E-8	8.9843804996163E13
4.830020556225739E-8	8.925614853675134E13
4.3909277783870354E-8	8.854467992299734E13
3.991752525806396E-8	8.813030721946436E13
3.6288659325512686E-8	8.726788447770067E13
3.298969029592062E-8	8.668346666157694E13
2.999062754174602E-8	8.585696854648358E13
2.726420685613274E-8	8.499320911175555E13
2.4785642596484307E-8	8.425756456578038E13
2.2532402360440278E-8	8.324504421775522E13
2.0484002145854796E-8	8.213844165217981E13
1.8621820132595267E-8	8.100328013451019E13
1.6928927393268423E-8	8.010169386623147E13
1.5389933993880382E-8	7.904139416281514E13
1.39908490853458E-8	7.79308770264075E13
1.2718953713950727E-8	7.66231152108518E13
1.156268519450066E-8	7.56335543074291E13
1.05115319950006E-8	7.448915252606566E13
9.555938177273272E-9	7.339268146521286E13
8.687216524793883E-9	7.240942367198355E13
7.897469567994439E-9	7.134210959755875E13
7.179517789085852E-9	7.022514244035641E13
6.52683435371441E-9	6.915759327074306E13
5.933485776104009E-9	6.79217367723868E13
5.394077978276371E-9	6.677530374098496E13
4.903707252978519E-9	6.555819382103746E13
4.457915684525926E-9	6.430318381990003E13
4.052650622296296E-9	6.306812655962634E13
3.684227838451178E-9	6.166122091626148E13
3.349298034955616E-9	6.024272180856156E13
3.0448163954141962E-9	5.8691162122905484E13
2.7680149049219965E-9	5.7015015923508836E13
2.5163771862927238E-9	5.52780200840252E13
2.287615623902476E-9	5.357555869407705E13
2.079650567184069E-9	5.157528890968338E13
1.89059142471279E-9	4.943171875844197E13
1.718719477011627E-9	4.746485912004729E13
1.5624722518287518E-9	4.528995825744702E13
1.4204293198443197E-9	4.322190993083705E13
1.2912993816766542E-9	4.091731785444186E13
1.1739085287969582E-9	3.857839619766101E13
1.0671895716335982E-9	3.624318232003016E13
9.701723378487256E-10	3.373918790249351E13
8.819748525897505E-10	3.123047487824594E13
8.017953205361368E-10	2.8917594161040094E13
7.289048368510334E-10	2.6503460011705E13
6.626407607736667E-10	2.418522545579862E13
6.024006916124242E-10	2.1856642640315996E13
5.47636992374931E-10	1.95983211544094E13
4.978518112499372E-10	1.7435559833266803E13
4.5259255568176106E-10	1.538747102855748E13
4.1144777789251E-10	1.347675394796567E13
3.7404343444773636E-10	1.1606495039938736E13
3.400394858615785E-10	9.869189671764012E12
3.091268053287077E-10	8.368622359891835E12
2.8102436848064334E-10	6.887233436767763E12
2.5547669861876664E-10	5.603115939807714E12
2.3225154419887874E-10	4.499193976629955E12
2.111377674535261E-10	3.580537145322558E12
1.91943424957751E-10	2.7751846687347417E12
1.7449402268886453E-10	2.1060652200497844E12
1.5863092971714955E-10	1.5329665777639717E12
1.4420993610649958E-10	1.0940459076561779E12
1.3109994191499962E-10	7.49506299958366E11
1.1918176537727237E-10	4.9229828398628375E11
1.0834705943388396E-10	3.311862575300747E11
9.849732675807632E-11	2.0920253732133932E11
8.954302432552392E-11	1.293061808242109E11
8.140274938683992E-11	6.8493331723949265E10
7.400249944258174E-11	4.420775344580523E10
6.727499949325612E-11	1.69631176915639E10
6.115909044841465E-11	6.361169132900615E9
5.559917313492241E-11	2.28060495576473E9
5.0544702849929457E-11	2.1203897119274523E9
4.594972986357223E-11	2.839120714890533E-5
4.1772481694156566E-11	2.5810188317255787E-5
3.7974983358324146E-11	2.3463807561065032E-5
3.452271214393104E-11	2.1330734146411605E-5
3.1384283767210034E-11	1.9391576496743228E-5
2.8531167061100028E-11	1.7628705906163385E-5
2.5937424601000022E-11	1.6026096278352504E-5
2.357947691000002E-11	1.456917843480344E-5
2.1435888100000017E-11	1.3244707668021102E-5
1.9487171000000014E-11	1.204064333455639E-5
1.771561000000001E-11	1.0946039395082668E-5
1.6105100000000008E-11	9.950944904609387E-6
1.4641000000000006E-11	9.046313549617454E-6
1.3310000000000004E-11	8.223921408773836E-6
1.2100000000000002E-11	7.476292189790979E-6
1.1E-11	6.796629263432031E-6
1.0E-11	6.178753875858731E-6
