0.006843264508857743	1.634058412524731E15
0.00402544971109279	1.64433087917427E15
0.0023679115947604647	1.6470986171787485E15
0.0013928891733885086	1.6295314592990538E15
8.193465725814757E-4	1.5843407295478332E15
4.819685721067504E-4	1.514683239624964E15
2.8351092476867673E-4	1.4001701076460248E15
1.6677113221686866E-4	1.2123698129123968E15
9.810066600992275E-5	9.497494039522945E14
5.770627412348397E-5	6.070344904565314E14
3.394486713146116E-5	2.6833586529282866E14
1.9967568900859503E-5	7.654004246481652E13
1.1745628765211474E-5	1.2083698477832965E13
6.909193391300867E-6	8.497271262612245E11
4.064231406647569E-6	1.0981094611855927E10
2.3907243568515113E-6	1.469560085899898
1.4063084452067714E-6	0.8644471093528949
8.272402618863362E-7	0.508498299619344
4.866119187566684E-7	0.2991166468349187
2.862423051509814E-7	0.17595096872641838
1.6837782655940084E-7	0.10350056983907145
9.904578032905932E-8	0.060882688140629346
5.8262223722976076E-8	0.03581334596507453
3.427189630763299E-8	0.021066674097104887
2.0159939004489993E-8	0.01239216123359064
1.1858787649699996E-8	0.007289506607994033
6.975757440999998E-9	0.0042879450635262975
4.103386729999999E-9	0.0025223206256034473
2.4137568999999996E-9	0.0014837180150609182
1.4198569999999998E-9	8.727753029770372E-4
8.352099999999998E-10	5.133972370452488E-4
4.912999999999999E-10	3.0199837473243783E-4
2.89E-10	1.776461027838266E-4
1.7E-10	1.0449770751987602E-4
1.0E-10	6.146923971760429E-5
